0 0 0 0 0 0
0 0 0 0 0 0
5.65386e-14 6.71987e-15 2.71406e-14 6.88011e-22 8.17733e-23 3.30271e-22
3.55207e-14 -3.70054e-14 -5.13456e-14 1.12026e-21 -3.6854e-22 -2.94547e-22
5.03626e-13 6.43608e-14 -2.61994e-14 7.24882e-21 4.14658e-22 -6.13364e-22
1.53442e-12 -9.82119e-14 -5.58421e-14 2.5921e-20 -7.8047e-22 -1.2929e-21
1.3638e-12 9.46878e-13 -2.43013e-12 4.25169e-20 1.0742e-20 -3.08649e-20
8.56931e-13 2.84157e-12 -6.45954e-13 5.29448e-20 4.53207e-20 -3.87254e-20
2.55659e-12 3.99231e-12 -3.45848e-12 8.40556e-20 9.39027e-20 -8.08112e-20
9.03756e-12 3.1402e-12 -4.76089e-12 1.94033e-19 1.32115e-19 -1.38746e-19
1.12405e-11 3.30894e-12 -9.22578e-14 3.30817e-19 1.72382e-19 -1.39869e-19
4.65121e-12 5.02285e-12 5.57595e-12 3.87417e-19 2.33504e-19 -7.20156e-20
-2.18671e-11 -3.09252e-12 -5.59473e-12 1.21319e-19 1.95871e-19 -1.40097e-19
-2.77055e-11 -6.4404e-12 -1.10073e-11 -2.15825e-19 1.17499e-19 -2.74043e-19
-1.94943e-11 3.45541e-12 -1.32029e-12 -4.53049e-19 1.59547e-19 -2.9011e-19
-2.62613e-11 -1.83307e-11 -7.29016e-13 -7.72619e-19 -6.35167e-20 -2.98981e-19
6.4745e-12 -2.48042e-11 1.89244e-11 -6.93832e-19 -3.65356e-19 -6.86924e-20
2.45858e-11 -8.45809e-12 1.92671e-11 -3.94651e-19 -4.68281e-19 1.65767e-19
8.73339e-12 3.46181e-12 6.54163e-12 -2.88376e-19 -4.26155e-19 2.45371e-19
2.68434e-11 4.42328e-12 -1.12421e-11 3.82779e-20 -3.72329e-19 1.08567e-19
2.71934e-11 2.17361e-11 -3.79607e-11 3.6919e-19 -1.07825e-19 -3.53372e-19
8.61252e-12 2.46897e-11 -5.36698e-11 4.73995e-19 1.92622e-19 -1.00647e-18
-3.99039e-11 4.81081e-11 -4.50508e-11 -1.15906e-20 7.78043e-19 -1.55469e-18
-8.25207e-11 3.46053e-11 3.32202e-12 -1.01577e-18 1.19915e-18 -1.51427e-18
9.69815e-12 7.24346e-11 6.56921e-11 -8.97759e-19 2.0806e-18 -7.14867e-19
1.09845e-10 7.30562e-11 5.77734e-11 4.38936e-19 2.96961e-18 -1.18299e-20
8.33888e-11 1.12731e-10 3.88212e-11 1.45368e-18 4.34142e-18 4.6058e-19
-1.23125e-10 3.3182e-11 -7.07642e-11 -4.46105e-20 4.74521e-18 -4.00541e-19
-1.4797e-10 -5.96294e-11 -4.41565e-11 -1.84523e-18 4.01958e-18 -9.37875e-19
-2.7994e-10 1.96794e-11 -8.34035e-11 -5.25178e-18 4.25906e-18 -1.9528e-18
-3.91631e-10 8.13877e-12 -1.65626e-10 -1.00175e-17 4.3581e-18 -3.96828e-18
1.1378e-10 1.34626e-10 -6.00741e-11 -8.63292e-18 5.99635e-18 -4.69931e-18
3.76772e-10 5.72222e-11 9.20233e-11 -4.04803e-18 6.69267e-18 -3.57949e-18
2.53437e-10 -1.23384e-10 7.56113e-11 -9.63996e-19 5.19123e-18 -2.65939e-18
-1.3317e-10 -2.2805e-10 -5.94923e-11 -2.58452e-18 2.41611e-18 -3.38334e-18
-4.18165e-10 -9.3556e-11 -2.45732e-10 -7.67311e-18 1.27764e-18 -6.37363e-18
-1.18225e-10 1.27744e-10 -2.89699e-10 -9.11178e-18 2.83215e-18 -9.89893e-18
5.05139e-10 2.33259e-10 -1.36707e-10 -2.9648e-18 5.67064e-18 -1.15625e-17
2.69525e-10 2.07979e-10 8.95001e-11 3.15022e-19 8.20152e-18 -1.04734e-17
7.39764e-12 5.15863e-10 -4.01307e-11 4.05043e-19 1.4479e-17 -1.09617e-17
1.94879e-10 7.12333e-10 1.93375e-10 2.7765e-18 2.31473e-17 -8.60858e-18
-5.26432e-11 2.60978e-10 5.70554e-11 2.13589e-18 2.63231e-17 -7.91428e-18
-6.65029e-10 -2.22506e-10 1.85881e-10 -5.95676e-18 2.36154e-17 -5.65232e-18
-1.00606e-09 -5.74104e-10 -2.82008e-11 -1.81994e-17 1.66292e-17 -5.99549e-18
-6.41291e-10 -4.01959e-10 -3.29411e-10 -2.60032e-17 1.17378e-17 -1.0004e-17
-1.20225e-09 -1.10405e-09 -1.28785e-09 -4.06332e-17 -1.69717e-18 -2.56757e-17
-5.34392e-10 -3.22268e-10 -4.91732e-10 -4.71362e-17 -5.61881e-18 -3.16595e-17
-1.42663e-09 1.1706e-09 1.17583e-09 -6.44966e-17 8.62606e-18 -1.73509e-17
-7.10435e-10 8.48502e-10 1.45052e-09 -7.31418e-17 1.89514e-17 3.0021e-19
-1.13621e-09 7.69107e-13 -6.31696e-10 -8.69682e-17 1.89607e-17 -7.38681e-18
-5.00041e-10 -1.05977e-10 -1.96109e-09 -9.30532e-17 1.76711e-17 -3.12511e-17
1.34565e-09 3.18071e-10 -1.10428e-09 -7.66781e-17 2.15417e-17 -4.4689e-17
2.9976e-09 1.10482e-09 2.7014e-10 -4.02007e-17 3.49862e-17 -4.14017e-17
2.73721e-09 5.68477e-10 6.02355e-10 -6.89189e-18 4.19039e-17 -3.40717e-17
6.83041e-10 3.09002e-10 -3.7145e-10 1.41995e-18 4.56641e-17 -3.85918e-17
-1.62915e-09 4.3217e-10 -3.30904e-10 -1.8405e-17 5.09231e-17 -4.26185e-17
-2.08542e-09 8.48693e-10 2.13924e-10 -4.37823e-17 6.12508e-17 -4.00153e-17
-7.67574e-10 -2.10764e-10 2.2891e-10 -5.31228e-17 5.8686e-17 -3.72298e-17
6.12075e-10 -2.22357e-09 -3.63121e-10 -4.56745e-17 3.16277e-17 -4.16485e-17
5.00906e-10 -3.01592e-09 -7.77232e-10 -3.9579e-17 -5.07259e-18 -5.11066e-17
-1.87587e-09 -2.11579e-09 -1.38102e-09 -6.24062e-17 -3.08194e-17 -6.79121e-17
-1.95803e-09 5.09401e-10 -1.67224e-09 -8.62333e-17 -2.46205e-17 -8.82613e-17
7.4902e-10 7.5431e-10 -1.64314e-09 -7.71185e-17 -1.54414e-17 -1.08256e-16
3.0737e-09 3.17723e-10 -1.41966e-09 -3.97151e-17 -1.15751e-17 -1.25532e-16
2.67908e-09 -2.05386e-10 -7.24002e-10 -7.11371e-18 -1.40744e-17 -1.34342e-16
-2.59677e-11 -1.01873e-09 -4.92654e-10 -7.42971e-18 -2.64712e-17 -1.40338e-16
-1.95008e-09 1.56029e-10 -6.48878e-10 -3.11599e-17 -2.45725e-17 -1.48234e-16
-1.74563e-09 -4.37031e-10 -1.01026e-09 -5.24023e-17 -2.98906e-17 -1.60527e-16
1.80767e-09 -7.0493e-10 6.91939e-10 -3.04049e-17 -3.84689e-17 -1.52107e-16
4.18145e-09 -7.30034e-10 9.3841e-10 2.04786e-17 -4.73525e-17 -1.40688e-16
5.63454e-09 2.05833e-10 8.96265e-10 8.90446e-17 -4.48478e-17 -1.29781e-16
3.60366e-09 9.40361e-10 -1.08763e-09 1.32897e-16 -3.34047e-17 -1.43017e-16
1.85218e-10 -7.46949e-10 -2.04956e-09 1.35151e-16 -4.24942e-17 -1.67957e-16
-4.06919e-09 -3.54769e-09 -2.19047e-09 8.56335e-17 -8.56656e-17 -1.94613e-16
-4.61234e-09 -5.51368e-09 -6.74737e-10 2.95065e-17 -1.52761e-16 -2.02824e-16
-9.44752e-10 -4.54151e-09 1.30693e-10 1.80099e-17 -2.08026e-16 -2.01233e-16
5.25868e-09 -1.36032e-09 1.03574e-09 8.20021e-17 -2.24579e-16 -1.8863e-16
6.82045e-09 1.05483e-09 1.08971e-10 1.64999e-16 -2.11743e-16 -1.87304e-16
6.11571e-10 5.4487e-10 -3.74815e-09 1.72441e-16 -2.05113e-16 -2.32914e-16
-2.94617e-09 -2.01757e-09 -5.54737e-09 1.3659e-16 -2.29664e-16 -3.0042e-16
-9.40086e-10 -2.08043e-09 -1.89819e-09 1.2515e-16 -2.54981e-16 -3.23518e-16
5.93853e-09 3.59367e-10 4.08481e-09 1.97415e-16 -2.50608e-16 -2.73811e-16
8.16821e-09 6.53855e-10 5.80285e-09 2.96813e-16 -2.42651e-16 -2.03197e-16
3.79493e-09 -2.00927e-09 2.22075e-09 3.42993e-16 -2.67102e-16 -1.76173e-16
-2.30644e-09 -4.50675e-09 -2.42638e-09 3.14926e-16 -3.21944e-16 -2.05699e-16
3.84102e-11 -3.66921e-09 -2.81555e-09 3.15394e-16 -3.66594e-16 -2.39961e-16
4.37815e-09 -1.00655e-09 -8.51023e-10 3.68671e-16 -3.78843e-16 -2.50317e-16
4.60831e-09 -5.62907e-10 3.57684e-10 4.24749e-16 -3.85692e-16 -2.45964e-16
1.9821e-09 -2.33037e-09 1.87716e-10 4.48869e-16 -4.1405e-16 -2.4368e-16
-2.06544e-11 -4.16656e-09 -8.1144e-10 4.48617e-16 -4.64753e-16 -2.53555e-16
1.68422e-09 -4.11805e-09 -1.22061e-09 4.69112e-16 -5.14865e-16 -2.68408e-16
4.42597e-09 -2.22074e-09 -1.46041e-09 5.22972e-16 -5.41889e-16 -2.8618e-16
4.86633e-09 -1.881e-09 -2.11285e-09 5.82189e-16 -5.64778e-16 -3.11891e-16
5.03594e-09 -2.17048e-09 -1.75524e-09 6.43471e-16 -5.91191e-16 -3.3325e-16
5.65604e-09 -5.03514e-10 5.61409e-10 7.12299e-16 -5.97318e-16 -3.26418e-16
5.24474e-09 6.15014e-10 3.00492e-09 7.76121e-16 -5.89834e-16 -2.89852e-16
2.36778e-09 -4.48159e-10 1.13933e-09 8.04935e-16 -5.95287e-16 -2.75987e-16
-6.73471e-10 -3.27726e-09 -2.3127e-09 7.96739e-16 -6.35168e-16 -3.0413e-16
-2.8628e-09 -4.82707e-09 -4.79273e-09 7.61902e-16 -6.93908e-16 -3.62452e-16
-2.46708e-09 -3.06716e-09 -4.13253e-09 7.31881e-16 -7.31232e-16 -4.12741e-16
9.81877e-10 8.74791e-11 1.09391e-09 7.43829e-16 -7.30167e-16 -3.99429e-16
2.33153e-09 -1.2386e-09 2.45751e-09 7.72201e-16 -7.4524e-16 -3.69524e-16
3.87904e-09 -2.25437e-09 1.25041e-09 8.19405e-16 -7.72673e-16 -3.54308e-16
6.83752e-09 -2.08081e-09 -5.2087e-10 9.02609e-16 -7.97994e-16 -3.60646e-16
9.75144e-09 -5.09048e-10 -1.76151e-09 1.02127e-15 -8.04188e-16 -3.82082e-16
7.35602e-09 -1.88026e-09 -3.37835e-09 1.11079e-15 -8.27069e-16 -4.23192e-16
2.94646e-09 -1.88016e-09 -3.69662e-09 1.14664e-15 -8.49948e-16 -4.68176e-16
-9.93505e-10 -2.36079e-09 -3.18066e-09 1.13455e-15 -8.78677e-16 -5.06881e-16
-2.45836e-09 -2.24956e-09 -3.01922e-09 1.10464e-15 -9.06051e-16 -5.43622e-16
8.89834e-10 -2.22957e-09 -4.68307e-10 1.11547e-15 -9.33183e-16 -5.4932e-16
5.37252e-09 -2.51901e-09 9.48889e-10 1.18084e-15 -9.63836e-16 -5.37774e-16
5.44656e-09 -5.54293e-09 -1.63729e-09 1.24712e-15 -1.03129e-15 -5.57698e-16
3.60201e-09 -7.61858e-09 -3.45031e-09 1.29095e-15 -1.124e-15 -5.99684e-16
8.65747e-10 -7.50866e-09 -2.96472e-09 1.30149e-15 -1.21537e-15 -6.35761e-16
2.59241e-09 -2.35384e-09 2.93171e-09 1.33304e-15 -1.24401e-15 -6.00086e-16
3.47115e-09 1.54014e-09 3.80012e-09 1.37528e-15 -1.22527e-15 -5.53842e-16
3.04514e-09 3.72731e-09 -4.24391e-10 1.41233e-15 -1.17991e-15 -5.59007e-16
1.8075e-09 2.16737e-09 -5.7917e-09 1.43433e-15 -1.15354e-15 -6.29485e-16
1.55346e-09 9.94595e-10 -5.75657e-09 1.45323e-15 -1.14144e-15 -6.99536e-16
4.83395e-09 -1.97835e-11 -6.31748e-10 1.51206e-15 -1.14168e-15 -7.07224e-16
8.9711e-09 -1.55356e-10 5.34934e-09 1.62122e-15 -1.14357e-15 -6.42129e-16
8.30743e-09 -1.47685e-09 3.61522e-09 1.72232e-15 -1.16154e-15 -5.98135e-16
2.36033e-09 -3.45728e-09 -4.46303e-09 1.75104e-15 -1.20361e-15 -6.52445e-16
-5.04988e-09 -3.86759e-09 -1.13945e-08 1.68959e-15 -1.25067e-15 -7.91103e-16
-6.14493e-09 -5.88731e-10 -7.61232e-09 1.61481e-15 -1.25784e-15 -8.83736e-16
-4.12721e-09 -1.2651e-09 3.7238e-10 1.56459e-15 -1.27323e-15 -8.79205e-16
-4.19589e-10 -3.82172e-09 5.20273e-09 1.55948e-15 -1.31974e-15 -8.15894e-16
4.96026e-09 -6.54409e-09 4.01332e-09 1.61984e-15 -1.39937e-15 -7.67056e-16
8.54328e-09 -6.457e-09 -9.26546e-10 1.7238e-15 -1.47795e-15 -7.78331e-16
9.33416e-09 -1.92046e-09 -4.50249e-09 1.83739e-15 -1.50132e-15 -8.33121e-16
7.13613e-09 1.04335e-09 -5.91135e-09 1.92423e-15 -1.48862e-15 -9.05056e-16
5.603e-09 3.93424e-10 -5.48452e-09 1.99241e-15 -1.48383e-15 -9.71796e-16
5.8138e-09 -3.25508e-09 -2.81005e-09 2.06316e-15 -1.52344e-15 -1.00599e-15
8.26406e-09 -3.29897e-09 3.36038e-10 2.16372e-15 -1.56359e-15 -1.0019e-15
7.64771e-09 3.17884e-10 1.14087e-09 2.25679e-15 -1.55972e-15 -9.88019e-16
2.94456e-09 1.14396e-09 -9.01239e-10 2.29262e-15 -1.5458e-15 -9.98986e-16
-3.08431e-09 -4.872e-10 -3.17344e-09 2.25509e-15 -1.55173e-15 -1.0376e-15
-6.57507e-09 -2.76597e-09 -5.27305e-09 2.17507e-15 -1.58539e-15 -1.10177e-15
-2.89274e-09 -4.23396e-09 -4.32107e-09 2.13987e-15 -1.63691e-15 -1.15435e-15
3.47298e-09 -1.45824e-09 -9.22838e-10 2.18213e-15 -1.65466e-15 -1.16558e-15
5.07579e-09 2.61765e-10 -3.9981e-11 2.2439e-15 -1.65147e-15 -1.16607e-15
2.78917e-09 -6.66008e-10 -3.11156e-09 2.27784e-15 -1.65957e-15 -1.20393e-15
2.97223e-09 -1.25247e-09 -4.88209e-09 2.31401e-15 -1.67482e-15 -1.26334e-15
3.99161e-09 -1.33269e-09 -4.56977e-09 2.36258e-15 -1.69103e-15 -1.31895e-15
8.25793e-09 -2.60019e-10 3.66169e-10 2.46307e-15 -1.6942e-15 -1.3145e-15
1.00719e-08 -2.05407e-10 2.26632e-09 2.58564e-15 -1.6967e-15 -1.28692e-15
7.99806e-09 -2.13402e-09 -1.26645e-09 2.68297e-15 -1.72267e-15 -1.30233e-15
4.29825e-09 -2.10789e-09 -7.99676e-09 2.73527e-15 -1.74832e-15 -1.39964e-15
1.6242e-09 9.81765e-10 -9.01656e-09 2.75504e-15 -1.73637e-15 -1.50936e-15
2.99657e-09 2.91691e-09 -4.74467e-09 2.7915e-15 -1.70087e-15 -1.5671e-15
9.01407e-09 1.9355e-09 3.20246e-09 2.90119e-15 -1.67732e-15 -1.52813e-15
8.16198e-09 -5.27034e-09 4.9461e-09 3.00051e-15 -1.74145e-15 -1.46794e-15
2.32746e-09 -1.00699e-08 1.30921e-09 3.02884e-15 -1.86399e-15 -1.45201e-15
2.29373e-08 -7.01661e-09 -2.64463e-09 3.30796e-15 -1.94938e-15 -1.48419e-15
1.39818e-07 -4.75243e-10 -3.90409e-09 5.00938e-15 -1.95516e-15 -1.5317e-15
3.01479e-07 3.09212e-09 -3.66436e-09 8.67804e-15 -1.91753e-15 -1.57629e-15
3.78392e-07 2.93383e-09 -2.59693e-09 1.32826e-14 -1.88183e-15 -1.60789e-15
2.79948e-07 -3.23177e-10 -3.13427e-09 1.66893e-14 -1.88577e-15 -1.64603e-15
3.92746e-08 -4.98984e-09 -2.96157e-09 1.71672e-14 -1.94649e-15 -1.68207e-15
-2.2252e-07 -7.12017e-09 -3.28864e-09 1.44594e-14 -2.03313e-15 -1.72209e-15
-4.08537e-07 -6.47927e-09 -4.24892e-09 9.48798e-15 -2.11198e-15 -1.7738e-15
-5.25856e-07 -2.74874e-09 -9.0081e-09 3.0889e-15 -2.14543e-15 -1.88341e-15
-6.49938e-07 4.02498e-09 -1.09915e-08 -4.82011e-15 -2.09645e-15 -2.01717e-15
-8.20331e-07 9.47551e-09 -5.19106e-09 -1.48026e-14 -1.98114e-15 -2.08034e-15
-9.62817e-07 8.45225e-09 2.7061e-09 -2.6519e-14 -1.87829e-15 -2.04741e-15
-8.98196e-07 3.46342e-09 6.91821e-09 -3.7449e-14 -1.83614e-15 -1.96322e-15
-4.82684e-07 -1.60824e-09 4.80835e-09 -4.33228e-14 -1.85571e-15 -1.90471e-15
2.77561e-07 -1.05091e-09 -1.65549e-09 -3.99452e-14 -1.8685e-15 -1.92485e-15
1.19123e-06 1.45864e-09 -3.61708e-09 -2.54493e-14 -1.85075e-15 -1.96887e-15
1.99717e-06 -2.56765e-09 3.26086e-09 -1.14595e-15 -1.88199e-15 -1.92919e-15
2.50386e-06 -8.60552e-09 1.71903e-08 2.93232e-14 -1.98671e-15 -1.72e-15
2.65062e-06 -1.17527e-08 3.11162e-08 6.15783e-14 -2.12973e-15 -1.34135e-15
2.446e-06 -9.47746e-09 3.01111e-08 9.13434e-14 -2.24506e-15 -9.74934e-16
1.87825e-06 -5.40268e-09 1.20236e-08 1.142e-13 -2.3108e-15 -8.2862e-16
8.8371e-07 -2.74734e-09 -1.68382e-08 1.24953e-13 -2.34424e-15 -1.03352e-15
-5.65822e-07 -1.08432e-09 -4.14432e-08 1.18068e-13 -2.35743e-15 -1.53784e-15
-2.35279e-06 1.82449e-09 -5.36455e-08 8.94372e-14 -2.33523e-15 -2.19065e-15
-4.13502e-06 6.52697e-09 -5.46507e-08 3.91187e-14 -2.2558e-15 -2.85568e-15
-5.43586e-06 1.00026e-08 -4.69114e-08 -2.70296e-14 -2.13408e-15 -3.42654e-15
-5.82551e-06 1.12904e-08 -3.61546e-08 -9.79195e-14 -1.99669e-15 -3.8665e-15
-5.11247e-06 1.10757e-08 -2.37362e-08 -1.60133e-13 -1.86191e-15 -4.15534e-15
-3.41065e-06 1.02055e-08 -1.0954e-08 -2.01636e-13 -1.73772e-15 -4.28864e-15
-1.05727e-06 5.43935e-09 8.85539e-09 -2.14502e-13 -1.67153e-15 -4.18088e-15
1.56141e-06 -1.17419e-08 3.85777e-08 -1.95502e-13 -1.81442e-15 -3.71144e-15
4.12019e-06 -3.98444e-08 7.61207e-08 -1.45364e-13 -2.29928e-15 -2.78513e-15
6.32766e-06 -6.43218e-08 1.11319e-07 -6.8363e-14 -3.08201e-15 -1.43051e-15
7.83129e-06 -6.62134e-08 1.18311e-07 2.69349e-14 -3.88775e-15 9.20513e-18
8.21928e-06 -4.57436e-08 8.38798e-08 1.26954e-13 -4.4444e-15 1.02993e-15
7.17958e-06 -2.25793e-08 2.21583e-08 2.14322e-13 -4.71916e-15 1.29957e-15
4.73626e-06 -2.57419e-09 -2.8849e-08 2.71957e-13 -4.75049e-15 9.4851e-16
1.33084e-06 1.64299e-08 -5.24277e-08 2.88151e-13 -4.55055e-15 3.10525e-16
-2.28578e-06 5.37703e-08 -6.21593e-08 2.60336e-13 -3.89623e-15 -4.45884e-16
-5.37418e-06 1.07457e-07 -8.20374e-08 1.94938e-13 -2.5886e-15 -1.44419e-15
-7.44499e-06 1.4676e-07 -1.27507e-07 1.04341e-13 -8.02697e-16 -2.9958e-15
-8.30246e-06 1.41088e-07 -1.62871e-07 3.30964e-15 9.1419e-16 -4.97775e-15
-7.96053e-06 8.76314e-08 -1.43786e-07 -9.35611e-14 1.98057e-15 -6.72746e-15
-6.52398e-06 1.89525e-08 -5.90914e-08 -1.72951e-13 2.2112e-15 -7.44654e-15
-4.17801e-06 -3.52425e-08 4.30331e-08 -2.23792e-13 1.78233e-15 -6.92287e-15
-1.23159e-06 -8.07535e-08 1.0566e-07 -2.38779e-13 7.99655e-16 -5.63711e-15
1.86182e-06 -1.2622e-07 1.14172e-07 -2.16123e-13 -7.36296e-16 -4.24776e-15
4.53714e-06 -1.80805e-07 1.04062e-07 -1.60911e-13 -2.93649e-15 -2.98145e-15
6.24878e-06 -2.21113e-07 1.04167e-07 -8.48704e-14 -5.62719e-15 -1.71385e-15
6.68049e-06 -2.12948e-07 1.02565e-07 -3.57641e-15 -8.21853e-15 -4.65756e-16
5.88254e-06 -1.39742e-07 7.66164e-08 6.80075e-14 -9.91903e-15 4.6658e-16
4.24316e-06 -2.71538e-08 2.5295e-08 1.19642e-13 -1.02495e-14 7.74392e-16
2.27746e-06 7.54337e-08 -3.05969e-08 1.47356e-13 -9.33152e-15 4.02063e-16
4.02395e-07 1.28272e-07 -7.81595e-08 1.52253e-13 -7.77059e-15 -5.49051e-16
-1.1838e-06 1.39039e-07 -1.17378e-07 1.37847e-13 -6.07864e-15 -1.97741e-15
-2.43387e-06 1.43722e-07 -1.43838e-07 1.0823e-13 -4.32971e-15 -3.72775e-15
-3.29669e-06 1.62251e-07 -1.34005e-07 6.81128e-14 -2.3553e-15 -5.35844e-15
-3.63981e-06 1.78144e-07 -6.76135e-08 2.38204e-14 -1.87487e-16 -6.18122e-15
-3.33809e-06 1.48342e-07 2.82436e-08 -1.68005e-14 1.61767e-15 -5.83753e-15
-2.41698e-06 6.40793e-08 1.00239e-07 -4.62124e-14 2.39744e-15 -4.61773e-15
-1.13144e-06 -3.00337e-08 1.18032e-07 -5.99808e-14 2.03197e-15 -3.18141e-15
1.07551e-07 -7.74777e-08 9.54419e-08 -5.8672e-14 1.08915e-15 -2.01999e-15
9.39578e-07 -6.70072e-08 6.94428e-08 -4.72384e-14 2.73747e-16 -1.17494e-15
1.25401e-06 -4.24413e-08 5.52691e-08 -3.19786e-14 -2.42715e-16 -5.02382e-16
1.22309e-06 -4.14694e-08 4.41869e-08 -1.70949e-14 -7.47352e-16 3.53234e-17
1.12214e-06 -6.27614e-08 9.09816e-09 -3.43973e-15 -1.51109e-15 1.46038e-16
1.08919e-06 -8.22718e-08 -6.05117e-08 9.81452e-15 -2.51224e-15 -5.90321e-16
1.03551e-06 -8.88382e-08 -1.44384e-07 2.24155e-14 -3.5933e-15 -2.34731e-15
7.81548e-07 -9.27965e-08 -1.93666e-07 3.1926e-14 -4.72253e-15 -4.70401e-15
2.75316e-07 -1.00435e-07 -1.6617e-07 3.52763e-14 -5.94472e-15 -6.72611e-15
-3.18641e-07 -1.05815e-07 -7.08442e-08 3.13988e-14 -7.23237e-15 -7.58821e-15
-7.26016e-07 -9.84717e-08 3.33268e-08 2.2564e-14 -8.43066e-15 -7.18266e-15
-7.68242e-07 -7.68953e-08 8.93818e-08 1.32154e-14 -9.36639e-15 -6.09498e-15
-4.98104e-07 -4.13267e-08 9.46172e-08 7.15401e-15 -9.86929e-15 -4.9436e-15
-1.57355e-07 1.25042e-08 8.80742e-08 5.23918e-15 -9.71713e-15 -3.87183e-15
4.06307e-09 8.81408e-08 9.95474e-08 5.28863e-15 -8.64456e-15 -2.66045e-15
-7.56248e-08 1.80921e-07 1.23261e-07 4.36836e-15 -6.44295e-15 -1.1605e-15
-2.32006e-07 2.70601e-07 1.3131e-07 1.5451e-15 -3.15004e-15 4.37388e-16
-2.36048e-07 3.16882e-07 9.96739e-08 -1.32734e-15 7.06053e-16 1.65031e-15
-3.40948e-09 2.86351e-07 2.71814e-08 -1.36883e-15 4.19062e-15 1.98107e-15
3.48189e-07 1.78666e-07 -6.64333e-08 2.86824e-15 6.36479e-15 1.17266e-15
5.15456e-07 3.32952e-08 -1.45587e-07 9.14075e-15 6.76995e-15 -5.98971e-16
3.14558e-07 -9.90416e-08 -1.72033e-07 1.29686e-14 5.56473e-15 -2.69242e-15
-1.04819e-07 -1.97241e-07 -1.29645e-07 1.1693e-14 3.16452e-15 -4.27006e-15
-3.90776e-07 -2.71631e-07 -4.96776e-08 6.93775e-15 -1.40923e-16 -4.87458e-15
-3.12949e-07 -3.33488e-07 6.3818e-09 3.12951e-15 -4.19909e-15 -4.79692e-15
3.88669e-08 -3.67066e-07 9.50777e-11 3.60248e-15 -8.66587e-15 -4.79576e-15
3.47802e-07 -3.39099e-07 -4.38824e-08 7.83484e-15 -1.27923e-14 -5.32976e-15
3.59939e-07 -2.23828e-07 -5.72772e-08 1.22149e-14 -1.55161e-14 -6.02676e-15
8.61789e-08 -3.42712e-08 -2.70675e-09 1.32636e-14 -1.59331e-14 -6.0597e-15
-2.2966e-07 1.75453e-07 7.61926e-08 1.04689e-14 -1.3798e-14 -5.13252e-15
-3.28713e-07 3.34171e-07 1.0578e-07 6.46882e-15 -9.73155e-15 -3.8453e-15
-1.42992e-07 3.9646e-07 6.4094e-08 4.72876e-15 -4.90708e-15 -3.06535e-15
1.63119e-07 3.64233e-07 -1.0917e-09 6.71374e-15 -4.74777e-16 -3.07864e-15
3.24183e-07 2.81219e-07 -2.3026e-08 1.06587e-14 2.94734e-15 -3.35884e-15
1.83289e-07 1.88302e-07 8.77547e-09 1.28891e-14 5.23876e-15 -3.25205e-15
-1.74202e-07 8.6193e-08 5.36819e-08 1.07693e-14 6.28764e-15 -2.5988e-15
-4.68261e-07 -4.43377e-08 7.69337e-08 5.07105e-15 5.7481e-15 -1.6626e-15
-4.45404e-07 -2.06114e-07 6.91738e-08 -3.49018e-16 3.23992e-15 -8.20836e-16
-9.08703e-08 -3.5103e-07 3.38821e-08 -1.45481e-15 -1.03172e-15 -4.08529e-16
3.38109e-07 -4.04272e-07 -2.49605e-08 2.65959e-15 -5.95126e-15 -7.1227e-16
5.15506e-07 -3.24841e-07 -8.7138e-08 8.93272e-15 -9.90421e-15 -1.77264e-15
3.12428e-07 -1.53827e-07 -1.12232e-07 1.27346e-14 -1.17761e-14 -3.13838e-15
-8.65246e-08 1.55651e-08 -7.39904e-08 1.16817e-14 -1.15867e-14 -4.03876e-15
-3.32037e-07 1.11659e-07 -4.57699e-09 7.64119e-15 -1.02279e-14 -4.09445e-15
-2.10825e-07 1.44576e-07 2.69657e-08 5.07568e-15 -8.46861e-15 -3.76631e-15
1.6334e-07 1.71004e-07 -1.23511e-08 7.06335e-15 -6.38769e-15 -3.91661e-15
4.27005e-07 2.10771e-07 -7.71784e-08 1.22595e-14 -3.82284e-15 -4.85578e-15
2.92246e-07 2.22241e-07 -7.95749e-08 1.58158e-14 -1.11841e-15 -5.82412e-15
-1.75331e-07 1.53843e-07 1.33699e-08 1.36822e-14 7.53682e-16 -5.66142e-15
-5.81896e-07 2.04752e-08 1.39546e-07 6.60121e-15 1.00284e-15 -3.96331e-15
-5.54265e-07 -1.04509e-07 1.879e-07 -1.43574e-16 -2.6891e-16 -1.67677e-15
-9.45819e-08 -1.63763e-07 1.01614e-07 -1.29453e-15 -2.26172e-15 -4.4024e-16
4.08221e-07 -1.67148e-07 -6.26701e-08 3.67307e-15 -4.29572e-15 -1.20286e-15
5.3879e-07 -1.55553e-07 -1.75816e-07 1.02295e-14 -6.18863e-15 -3.34235e-15
2.38027e-07 -1.30381e-07 -1.50238e-07 1.31261e-14 -7.77522e-15 -5.17058e-15
-1.67707e-07 -5.81192e-08 -2.2201e-08 1.10852e-14 -8.48247e-15 -5.44074e-15
-2.9702e-07 6.43931e-08 8.33163e-08 7.47085e-15 -7.69888e-15 -4.42687e-15
-6.90748e-08 1.67244e-07 7.25377e-08 6.63029e-15 -5.6637e-15 -3.54417e-15
2.62523e-07 1.69357e-07 -2.36333e-08 9.8249e-15 -3.60282e-15 -3.83176e-15
3.76345e-07 7.89587e-08 -8.56875e-08 1.44046e-14 -2.64199e-15 -4.87448e-15
1.63681e-07 -5.37953e-09 -3.42118e-08 1.63964e-14 -2.70745e-15 -5.2908e-15
-2.11423e-07 4.96298e-10 9.13099e-08 1.38236e-14 -2.70141e-15 -4.17966e-15
-4.76474e-07 6.89634e-08 1.82055e-07 8.02549e-15 -1.8622e-15 -1.96425e-15
-4.64175e-07 8.75619e-08 1.67581e-07 2.377e-15 -7.96672e-16 7.50175e-17
-2.12676e-07 -1.49004e-08 6.42841e-08 -2.11028e-16 -9.77993e-16 8.57283e-16
9.08013e-08 -1.73427e-07 -5.99591e-08 8.93921e-16 -3.0884e-15 1.27649e-16
2.54961e-07 -2.45598e-07 -1.46904e-07 3.99651e-15 -6.07706e-15 -1.66001e-15
2.06408e-07 -1.59176e-07 -1.6899e-07 6.50826e-15 -8.01405e-15 -3.71643e-15
3.15056e-08 1.01243e-08 -1.23496e-07 6.89165e-15 -7.89085e-15 -5.21924e-15
-9.61132e-08 1.06503e-07 -4.12638e-08 5.72206e-15 -6.59483e-15 -5.72137e-15
-3.98233e-08 5.23279e-08 1.63176e-08 5.23746e-15 -5.95806e-15 -5.5228e-15
1.92389e-07 -7.59077e-08 -1.77892e-09 7.57861e-15 -6.88177e-15 -5.54445e-15
4.41509e-07 -1.28463e-07 -7.24887e-08 1.29513e-14 -8.44501e-15 -6.42656e-15
4.98606e-07 -3.60663e-08 -9.7332e-08 1.90187e-14 -8.8839e-15 -7.61098e-15
2.59969e-07 1.188e-07 -8.63835e-10 2.21823e-14 -7.43824e-15 -7.62149e-15
-1.66624e-07 1.90735e-07 1.73719e-07 2.01546e-14 -5.11721e-15 -5.50752e-15
-5.05978e-07 1.23361e-07 2.85072e-07 1.39975e-14 -3.61604e-15 -2.03852e-15
-5.20593e-07 2.75602e-09 2.20528e-07 7.66243e-15 -3.5825e-15 6.45066e-16
-2.23212e-07 -3.82314e-08 1.69709e-08 4.94619e-15 -4.04773e-15 8.51583e-16
1.04587e-07 3.86237e-08 -1.61023e-07 6.2189e-15 -3.57773e-15 -1.10789e-15
1.49619e-07 1.41484e-07 -1.72876e-07 8.03959e-15 -1.85603e-15 -3.21159e-15
-1.30684e-07 1.62058e-07 -2.69619e-08 6.44932e-15 1.1603e-16 -3.53969e-15
-4.47055e-07 7.59274e-08 1.1865e-07 1.00917e-15 1.03998e-15 -2.09584e-15
-4.36731e-07 -4.61646e-08 1.07253e-07 -4.30536e-15 4.7821e-16 -7.90699e-16
-1.62347e-08 -1.31085e-07 -6.80525e-08 -4.50291e-15 -1.11694e-15 -1.61882e-15
5.2177e-07 -1.65853e-07 -2.47144e-07 1.84644e-15 -3.13519e-15 -4.62628e-15
7.61374e-07 -1.76e-07 -2.51438e-07 1.11115e-14 -5.27692e-15 -7.686e-15
5.31286e-07 -1.74756e-07 -6.09527e-08 1.75767e-14 -7.4035e-15 -8.42772e-15
4.64702e-08 -1.50534e-07 1.6202e-07 1.81421e-14 -9.23534e-15 -6.45612e-15
-2.94073e-07 -1.01476e-07 2.24893e-07 1.45636e-14 -1.04702e-14 -3.71942e-15
-2.50996e-07 -5.07844e-08 9.68616e-08 1.15093e-14 -1.10882e-14 -2.54072e-15
6.34634e-08 -2.20668e-08 -7.91473e-08 1.22815e-14 -1.13567e-14 -3.50386e-15
3.07826e-07 7.38847e-10 -1.34734e-07 1.60274e-14 -1.13477e-14 -5.14342e-15
2.2286e-07 6.30387e-08 -3.40802e-08 1.87394e-14 -1.05806e-14 -5.55813e-15
-1.48612e-07 1.79553e-07 1.13876e-07 1.69309e-14 -8.39565e-15 -4.17239e-15
-5.13625e-07 2.88241e-07 1.75812e-07 1.06807e-14 -4.88807e-15 -2.03296e-15
-5.82448e-07 2.86623e-07 1.06881e-07 3.59297e-15 -1.4002e-15 -7.32339e-16
-3.0308e-07 1.44178e-07 -3.3517e-08 -9.51684e-17 3.54288e-16 -1.1402e-15
1.19711e-07 -3.61717e-08 -1.44563e-07 1.36158e-15 -8.58802e-17 -2.89937e-15
3.93131e-07 -1.07277e-07 -1.61189e-07 6.14554e-15 -1.39133e-15 -4.86086e-15
3.47929e-07 -3.57894e-08 -8.47698e-08 1.03795e-14 -1.82684e-15 -5.89241e-15
5.51367e-08 5.79434e-08 2.9254e-08 1.10504e-14 -1.12174e-15 -5.53642e-15
-2.28989e-07 2.78251e-08 1.05269e-07 8.26386e-15 -7.83137e-16 -4.25542e-15
-2.54139e-07 -1.3122e-07 8.71006e-08 5.17127e-15 -2.37994e-15 -3.1955e-15
2.16601e-08 -2.73501e-07 -1.64051e-08 5.43485e-15 -5.70814e-15 -3.39513e-15
3.81746e-07 -2.54106e-07 -1.19202e-07 1.00803e-14 -8.80032e-15 -4.84569e-15
5.09535e-07 -9.25105e-08 -1.22139e-07 1.62807e-14 -9.92607e-15 -6.33198e-15
2.57186e-07 5.6626e-08 -4.70048e-09 1.94104e-14 -9.237e-15 -6.38918e-15
-2.02905e-07 7.37895e-08 1.37628e-07 1.69413e-14 -8.33906e-15 -4.71439e-15
-5.04704e-07 -2.43474e-09 1.76977e-07 1.07996e-14 -8.36869e-15 -2.56078e-15
-4.05804e-07 -4.45887e-08 6.91851e-08 5.86141e-15 -8.91128e-15 -1.71888e-15
-6.97347e-09 1.4283e-08 -9.77966e-08 5.77655e-15 -8.73748e-15 -2.90895e-15
3.39518e-07 1.19678e-07 -1.8042e-07 9.9081e-15 -7.28112e-15 -5.10446e-15
3.49714e-07 1.80709e-07 -1.06234e-07 1.41637e-14 -5.0821e-15 -6.3972e-15
4.58222e-08 1.73059e-07 6.38328e-08 1.47213e-14 -2.97618e-15 -5.62043e-15
-2.95635e-07 1.26059e-07 1.85594e-07 1.11238e-14 -1.44218e-15 -3.36196e-15
-3.98061e-07 5.43988e-08 1.50141e-07 6.27983e-15 -7.80211e-16 -1.53491e-15
-1.87006e-07 -5.07587e-08 -1.78775e-08 4.00418e-15 -1.39789e-15 -1.75245e-15
1.84975e-07 -1.63476e-07 -1.75382e-07 6.25512e-15 -3.38721e-15 -3.88666e-15
4.55252e-07 -2.11248e-07 -1.83117e-07 1.1795e-14 -5.95786e-15 -6.11499e-15
4.11962e-07 -1.55794e-07 -3.51844e-08 1.68081e-14 -7.8537e-15 -6.54314e-15
4.30396e-08 -5.82499e-08 1.26929e-07 1.73319e-14 -8.56254e-15 -4.99856e-15
-3.99058e-07 -2.0233e-08 1.51873e-07 1.24758e-14 -8.80875e-15 -3.15043e-15
-5.43139e-07 -5.13194e-08 2.86991e-08 5.86639e-15 -9.43325e-15 -2.8012e-15
-2.19037e-07 -5.75224e-08 -1.16371e-07 3.20097e-15 -1.01332e-14 -4.2173e-15
3.24406e-07 3.64193e-08 -1.51337e-07 7.14862e-15 -9.69005e-15 -6.0589e-15
5.97019e-07 1.87661e-07 -5.96242e-08 1.44137e-14 -7.40642e-15 -6.78446e-15
3.33433e-07 2.77926e-07 7.52941e-08 1.84712e-14 -4.02437e-15 -5.86821e-15
-2.20077e-07 2.43539e-07 1.58507e-07 1.57931e-14 -1.06078e-15 -3.93936e-15
-5.33971e-07 1.23362e-07 1.44919e-07 9.29526e-15 4.40396e-16 -2.17586e-15
-3.19469e-07 -9.90349e-09 3.57036e-08 5.40768e-15 3.19882e-16 -1.74139e-15
2.03433e-07 -1.17799e-07 -1.12901e-07 7.88323e-15 -1.1136e-15 -3.11526e-15
5.48395e-07 -1.86055e-07 -1.96548e-07 1.45566e-14 -3.37767e-15 -5.50703e-15
4.24812e-07 -2.03394e-07 -1.32776e-07 1.97261e-14 -5.85274e-15 -7.12276e-15
-4.19064e-08 -1.67784e-07 4.07583e-08 1.92161e-14 -7.89449e-15 -6.62678e-15
-4.80017e-07 -1.15277e-07 1.65107e-07 1.33748e-14 -9.29728e-15 -4.61762e-15
-5.86668e-07 -9.0068e-08 1.1541e-07 6.23573e-15 -1.03933e-14 -3.21321e-15
-3.18435e-07 -8.82376e-08 -5.73026e-08 2.36074e-15 -1.14671e-14 -3.91052e-15
1.23314e-07 -5.51315e-08 -1.69608e-07 3.86133e-15 -1.21379e-14 -5.97445e-15
4.38368e-07 5.35609e-08 -9.76445e-08 9.19577e-15 -1.14862e-14 -7.16268e-15
4.16154e-07 2.08751e-07 9.70803e-08 1.42599e-14 -8.9459e-15 -5.98132e-15
8.36985e-08 3.14993e-07 2.39229e-07 1.52784e-14 -5.11279e-15 -3.07017e-15
-2.91599e-07 2.85695e-07 2.05438e-07 1.173e-14 -1.63621e-15 -5.70215e-16
-3.80664e-07 1.24179e-07 2.59846e-08 7.09774e-15 -1.25096e-16 -2.54012e-16
-5.45145e-08 -5.85124e-08 -1.58263e-07 6.43436e-15 -8.37126e-16 -2.1799e-15
4.67644e-07 -1.24395e-07 -2.15453e-07 1.21251e-14 -2.35088e-15 -4.80172e-15
7.39277e-07 -4.71387e-08 -1.21943e-07 2.11212e-14 -2.9245e-15 -6.28562e-15
4.46238e-07 4.54011e-08 2.44818e-08 2.65514e-14 -2.37202e-15 -5.9877e-15
-2.66538e-07 7.44745e-10 9.39054e-08 2.3308e-14 -2.36296e-15 -4.84498e-15
-8.3968e-07 -1.78124e-07 3.4599e-08 1.309e-14 -4.53053e-15 -4.42395e-15
-7.59117e-07 -3.20976e-07 -8.95909e-08 3.85242e-15 -8.43644e-15 -5.51417e-15
-6.03834e-08 -2.73473e-07 -1.60633e-07 3.11762e-15 -1.17643e-14 -7.46889e-15
6.4246e-07 -7.55694e-08 -1.09962e-07 1.09356e-14 -1.26839e-14 -8.80701e-15
7.0234e-07 8.42829e-08 3.24408e-08 1.94823e-14 -1.16583e-14 -8.41224e-15
6.69964e-08 8.7189e-08 1.70653e-07 2.02976e-14 -1.05973e-14 -6.33559e-15
-6.51667e-07 2.46312e-09 2.11461e-07 1.23675e-14 -1.05673e-14 -3.76235e-15
-7.61337e-07 -1.81377e-08 1.23411e-07 3.10294e-15 -1.0788e-14 -2.26058e-15
-1.48366e-07 7.68039e-08 -3.3554e-08 1.29749e-15 -9.85339e-15 -2.66889e-15
6.30361e-07 2.00314e-07 -1.40081e-07 8.96827e-15 -7.4158e-15 -4.37352e-15
8.81897e-07 2.47018e-07 -1.05914e-07 1.97e-14 -4.40988e-15 -5.66238e-15
4.0169e-07 2.07562e-07 3.90604e-08 2.45881e-14 -1.88408e-15 -5.18706e-15
-3.81239e-07 1.51356e-07 1.60404e-07 1.99488e-14 -4.2247e-17 -3.23513e-15
-8.20226e-07 1.17884e-07 1.35618e-07 9.9676e-15 1.39227e-15 -1.5848e-15
-5.92698e-07 7.15426e-08 -2.38442e-08 2.75513e-15 2.26286e-15 -1.87496e-15
7.55803e-08 -3.33397e-08 -1.78989e-07 3.67486e-15 1.85716e-15 -4.05305e-15
6.48506e-07 -1.72202e-07 -1.94017e-07 1.15664e-14 -2.38353e-16 -6.41402e-15
7.14694e-07 -2.61568e-07 -6.09901e-08 2.02635e-14 -3.42134e-15 -7.1562e-15
2.72343e-07 -2.56013e-07 9.77529e-08 2.35776e-14 -6.53673e-15 -5.96666e-15
-3.07943e-07 -2.10685e-07 1.42332e-07 1.98303e-14 -9.10052e-15 -4.23464e-15
-5.71783e-07 -2.12399e-07 3.86781e-08 1.28723e-14 -1.16852e-14 -3.76397e-15
-3.11129e-07 -2.61667e-07 -1.20435e-07 9.08621e-15 -1.48694e-14 -5.22953e-15
2.76804e-07 -2.55107e-07 -2.00156e-07 1.24546e-14 -1.79737e-14 -7.66521e-15
7.07464e-07 -1.02828e-07 -1.41548e-07 2.10636e-14 -1.9225e-14 -9.38769e-15
5.69655e-07 1.50826e-07 1.14062e-09 2.79957e-14 -1.73897e-14 -9.37381e-15
-1.167e-07 3.511e-07 1.23013e-07 2.65756e-14 -1.31172e-14 -7.87688e-15
-8.55301e-07 3.86212e-07 1.58074e-07 1.61675e-14 -8.4174e-15 -5.9533e-15
-1.03985e-06 2.95836e-07 1.12779e-07 3.51376e-15 -4.81741e-15 -4.5809e-15
-4.71053e-07 2.16432e-07 4.58453e-08 -2.21843e-15 -2.18367e-15 -4.02302e-15
4.20845e-07 2.21632e-07 1.06189e-08 2.90278e-15 5.13348e-16 -3.8938e-15
9.15915e-07 2.48203e-07 2.93162e-08 1.40484e-14 3.5337e-15 -3.53705e-15
6.28656e-07 1.82205e-07 8.96173e-08 2.16985e-14 5.75094e-15 -2.44651e-15
-1.3804e-07 -3.73116e-09 1.41558e-07 2.00187e-14 5.70553e-15 -7.23906e-16
-6.60482e-07 -2.1501e-07 1.13498e-07 1.19814e-14 3.0891e-15 6.57232e-16
-4.46241e-07 -3.40371e-07 -3.36043e-08 6.55111e-15 -1.05283e-15 2.48306e-16
3.22603e-07 -3.58907e-07 -2.43293e-07 1.04768e-14 -5.42032e-15 -2.7123e-15
9.61239e-07 -3.32333e-07 -3.73505e-07 2.2174e-14 -9.46444e-15 -7.25743e-15
8.83166e-07 -3.06368e-07 -3.11209e-07 3.29212e-14 -1.31926e-14 -1.10445e-14
9.97853e-08 -2.54189e-07 -8.98893e-08 3.41354e-14 -1.62858e-14 -1.21383e-14
-8.10306e-07 -1.32753e-07 1.17006e-07 2.42749e-14 -1.79012e-14 -1.07145e-14
-1.18126e-06 2.6859e-08 1.54038e-07 9.90035e-15 -1.75744e-14 -8.84005e-15
-7.62587e-07 1.38829e-07 3.98221e-08 6.20526e-16 -1.5885e-14 -8.35546e-15
1.21701e-07 1.64704e-07 -5.54501e-08 2.10149e-15 -1.38807e-14 -9.03023e-15
8.34904e-07 1.70301e-07 1.45608e-08 1.22613e-14 -1.18084e-14 -8.85304e-15
8.87583e-07 2.41896e-07 2.22911e-07 2.30622e-14 -8.86475e-15 -6.14046e-15
2.90556e-07 3.55439e-07 3.90734e-07 2.6598e-14 -4.53945e-15 -1.38567e-15
-4.37981e-07 3.77855e-07 3.59089e-07 2.12682e-14 5.86113e-17 2.98404e-15
-6.4482e-07 2.16894e-07 1.26393e-07 1.34215e-14 2.69797e-15 4.5221e-15
-8.06199e-08 -4.58355e-08 -1.58768e-07 1.24404e-14 2.1402e-15 2.59007e-15
8.24901e-07 -2.20314e-07 -3.25893e-07 2.24785e-14 -5.40767e-16 -1.37568e-15
1.23605e-06 -2.06172e-07 -3.13283e-07 3.75199e-14 -3.04965e-15 -5.18798e-15
6.18727e-07 -9.64333e-08 -1.90749e-07 4.50491e-14 -4.22314e-15 -7.50919e-15
-7.09455e-07 -5.74642e-08 -7.4486e-08 3.64158e-14 -4.92241e-15 -8.4156e-15
-1.75427e-06 -1.39693e-07 -4.2285e-08 1.50683e-14 -6.62232e-15 -8.93016e-15
-1.66968e-06 -2.39735e-07 -9.33368e-08 -5.24976e-15 -9.53962e-15 -1.0066e-14
-5.06077e-07 -2.33278e-07 -1.62083e-07 -1.14081e-14 -1.23783e-14 -1.20383e-14
8.16835e-07 -1.02697e-07 -1.501e-07 -1.46818e-15 -1.36281e-14 -1.38649e-14
1.30702e-06 6.77148e-08 1.29182e-08 1.44368e-14 -1.2804e-14 -1.37077e-14
7.25825e-07 1.83386e-07 2.8558e-07 2.32693e-14 -1.05724e-14 -1.02325e-14
-2.68017e-07 2.0178e-07 4.94875e-07 2.00078e-14 -8.11699e-15 -4.21041e-15
-7.13586e-07 1.27672e-07 4.5347e-07 1.13243e-14 -6.56337e-15 1.3078e-15
-1.39001e-07 4.82855e-09 1.51998e-07 9.63282e-15 -6.50461e-15 3.15745e-15
1.07425e-06 -8.98168e-08 -1.81592e-07 2.27052e-14 -7.59758e-15 9.47674e-16
1.9689e-06 -9.15018e-08 -2.75714e-07 4.66644e-14 -8.71106e-15 -2.40745e-15
1.71117e-06 -6.072e-09 -9.00412e-08 6.74875e-14 -8.78495e-15 -3.50315e-15
2.54954e-07 8.56227e-08 1.4304e-07 7.059e-14 -7.74301e-15 -1.76251e-15
-1.53107e-06 9.59284e-08 1.55888e-07 5.19586e-14 -6.57567e-15 1.34474e-16
-2.42167e-06 1.13771e-08 -8.7547e-08 2.24896e-14 -6.43723e-15 -9.30874e-16
-1.75564e-06 -9.44522e-08 -3.71996e-07 1.12545e-15 -7.5866e-15 -5.45765e-15
-8.86439e-09 -1.19672e-07 -4.48693e-07 1.01758e-15 -9.04287e-15 -1.09177e-14
1.49741e-06 -1.6506e-08 -2.50936e-07 1.92394e-14 -9.24373e-15 -1.39713e-14
1.59186e-06 1.56013e-07 7.20162e-08 3.86105e-14 -7.34523e-15 -1.3095e-14
1.8648e-07 2.53038e-07 2.90566e-07 4.08798e-14 -4.26605e-15 -9.55912e-15
-1.59938e-06 1.63873e-07 2.6785e-07 2.14171e-14 -2.2719e-15 -6.29969e-15
-2.26249e-06 -6.7652e-08 5.15966e-08 -6.11495e-15 -3.09515e-15 -5.67181e-15
-1.07909e-06 -2.60675e-07 -1.73162e-07 -1.92462e-14 -6.26727e-15 -7.779e-15
1.28964e-06 -2.58152e-07 -2.20251e-07 -3.55276e-15 -9.40868e-15 -1.04592e-14
3.23614e-06 -7.52093e-08 -3.91038e-08 3.58275e-14 -1.03239e-14 -1.09351e-14
3.37523e-06 1.25636e-07 2.4738e-07 7.69002e-14 -8.79505e-15 -7.92473e-15
1.536e-06 1.92448e-07 4.26071e-07 9.55916e-14 -6.45317e-15 -2.73992e-15
-1.142e-06 9.79933e-08 3.43149e-07 8.16947e-14 -5.26071e-15 1.43582e-15
-3.00514e-06 -7.48152e-08 2.96385e-08 4.51256e-14 -6.17112e-15 1.79649e-15
-2.94522e-06 -2.07392e-07 -2.92302e-07 9.28563e-15 -8.69486e-15 -1.76049e-15
-1.02261e-06 -2.07308e-07 -3.63088e-07 -3.15839e-15 -1.12176e-14 -6.17886e-15
1.64663e-06 -5.36255e-08 -1.02437e-07 1.68792e-14 -1.18701e-14 -7.4254e-15
3.56686e-06 1.63772e-07 2.83838e-07 6.02839e-14 -9.8772e-15 -3.97142e-15
3.70706e-06 2.71987e-07 4.54074e-07 1.05395e-13 -6.56742e-15 1.55415e-15
2.05602e-06 1.46139e-07 2.25775e-07 1.30414e-13 -4.78908e-15 4.30157e-15
-4.35389e-07 -1.50632e-07 -2.53428e-07 1.25116e-13 -6.62209e-15 1.21764e-15
-2.49314e-06 -3.77844e-07 -6.18024e-07 9.47773e-14 -1.122e-14 -6.30302e-15
-3.33369e-06 -3.1164e-07 -5.93078e-07 5.421e-14 -1.50123e-14 -1.35201e-14
-3.06695e-06 4.12884e-08 -2.07411e-07 1.68887e-14 -1.45099e-14 -1.60441e-14
-2.40729e-06 4.2643e-07 2.4734e-07 -1.24054e-14 -9.32073e-15 -1.30342e-14
-1.9501e-06 5.42324e-07 4.48589e-07 -3.61359e-14 -2.72126e-15 -7.57541e-15
-1.57781e-06 2.97687e-07 2.70479e-07 -5.53361e-14 9.01254e-16 -4.28398e-15
-4.42333e-07 -1.05003e-07 -1.42935e-07 -6.07188e-14 -3.76517e-16 -6.02334e-15
2.48924e-06 -3.32884e-07 -4.92523e-07 -3.04275e-14 -4.42734e-15 -1.20168e-14
7.71277e-06 -1.93572e-07 -5.27793e-07 6.34282e-14 -6.7829e-15 -1.84394e-14
1.47147e-05 2.26804e-07 -2.02526e-07 2.42489e-13 -4.02295e-15 -2.09039e-14
2.19502e-05 6.53316e-07 3.168e-07 5.09598e-13 3.92717e-15 -1.70489e-14
2.71955e-05 8.3573e-07 7.69529e-07 8.40536e-13 1.40971e-14 -7.68455e-15
2.81076e-05 7.06432e-07 9.54819e-07 1.18257e-12 2.26935e-14 3.93453e-15
2.2844e-05 3.74565e-07 8.26603e-07 1.46056e-12 2.72516e-14 1.39934e-14
1.06225e-05 1.46426e-08 4.95954e-07 1.58983e-12 2.74298e-14 2.00286e-14
-7.92143e-06 -2.53491e-07 1.52209e-07 1.49343e-12 2.43451e-14 2.18808e-14
-3.06787e-05 -4.30455e-07 -5.64076e-08 1.1201e-12 1.91069e-14 2.11944e-14
-5.42905e-05 -6.32213e-07 -1.25432e-07 4.59451e-13 1.14136e-14 1.9668e-14
-7.44895e-05 -9.94151e-07 -1.96644e-07 -4.47003e-13 -6.84122e-16 1.72751e-14
-8.65064e-05 -1.53669e-06 -4.42873e-07 -1.49969e-12 -1.93839e-14 1.18858e-14
-8.56784e-05 -2.08402e-06 -9.13903e-07 -2.5423e-12 -4.47441e-14 7.64634e-16
-6.84234e-05 -2.32655e-06 -1.47163e-06 -3.37493e-12 -7.30556e-14 -1.71435e-14
-3.35134e-05 -1.99463e-06 -1.85714e-06 -3.78275e-12 -9.7328e-14 -3.97428e-14
1.67888e-05 -1.01123e-06 -1.83787e-06 -3.57845e-12 -1.09634e-13 -6.21075e-14
7.62914e-05 4.74551e-07 -1.32918e-06 -2.65007e-12 -1.03859e-13 -7.82821e-14
0.000135492 2.17701e-06 -4.22841e-07 -1.00129e-12 -7.7367e-14 -8.34276e-14
0.00018317 3.79464e-06 6.60467e-07 1.22768e-12 -3.11905e-14 -7.53905e-14
0.000208547 5.07906e-06 1.65782e-06 3.76546e-12 3.06159e-14 -5.52167e-14
0.000203444 5.831e-06 2.34083e-06 6.24114e-12 1.01573e-13 -2.67314e-14
0.000164023 5.87489e-06 2.57481e-06 8.23712e-12 1.73063e-13 4.60116e-15
9.18559e-05 5.05964e-06 2.33346e-06 9.3549e-12 2.34634e-13 3.29967e-14
-5.76716e-06 3.30957e-06 1.68243e-06 9.28472e-12 2.74907e-13 5.347e-14
-0.000116355 7.0845e-07 7.39777e-07 7.86882e-12 2.83528e-13 6.24723e-14
-0.000223636 -2.44402e-06 -3.40038e-07 5.14742e-12 2.53787e-13 5.83344e-14
-0.000309905 -5.67678e-06 -1.37711e-06 1.37623e-12 1.84707e-13 4.15765e-14
-0.000359039 -8.47664e-06 -2.15156e-06 -2.99286e-12 8.15564e-14 1.53945e-14
-0.000359606 -1.04124e-05 -2.41672e-06 -7.36886e-12 -4.51508e-14 -1.40142e-14
-0.000307344 -1.11804e-05 -1.95779e-06 -1.11089e-11 -1.81203e-13 -3.78383e-14
-0.000206355 -1.05704e-05 -7.01484e-07 -1.362e-11 -3.09834e-13 -4.63746e-14
-6.87752e-05 -8.44073e-06 1.17215e-06 -1.44569e-11 -4.12548e-13 -3.21109e-14
8.69801e-05 -4.80312e-06 3.17477e-06 -1.33985e-11 -4.70996e-13 6.52254e-15
0.000238969 5.36024e-08 4.60653e-06 -1.04905e-11 -4.70344e-13 6.25788e-14
0.000364973 5.50093e-06 4.77603e-06 -6.04918e-12 -4.03404e-13 1.20698e-13
0.000445787 1.06744e-05 3.26093e-06 -6.2446e-13 -2.73508e-13 1.6038e-13
0.000468132 1.47077e-05 7.80574e-08 5.07218e-12 -9.45324e-14 1.6133e-13
0.000426863 1.69407e-05 -4.29873e-06 1.02666e-11 1.11617e-13 1.09019e-13
0.000326143 1.70019e-05 -9.05939e-06 1.42354e-11 3.1851e-13 -1.22373e-15
0.000179271 1.47747e-05 -1.32095e-05 1.64169e-11 4.98302e-13 -1.61969e-13
6.95935e-06 1.03741e-05 -1.57136e-05 1.65016e-11 6.24543e-13 -3.53186e-13
-0.000165851 4.18938e-06 -1.5624e-05 1.44834e-11 6.75523e-13 -5.43312e-13
-0.000314138 -3.06181e-06 -1.22651e-05 1.06607e-11 6.38264e-13 -6.92564e-13
-0.00041699 -1.03714e-05 -5.48091e-06 5.5864e-12 5.12056e-13 -7.59261e-13
-0.000460835 -1.66036e-05 4.15333e-06 -2.14351e-14 3.10009e-13 -7.08719e-13
-0.000441115 -2.07149e-05 1.52758e-05 -5.38931e-12 5.79314e-14 -5.2283e-13
-0.000362391 -2.19462e-05 2.59417e-05 -9.7992e-12 -2.09129e-13 -2.07149e-13
-0.00023731 -1.99527e-05 3.40051e-05 -1.2687e-11 -4.51931e-13 2.06655e-13
-8.48212e-05 -1.48778e-05 3.75806e-05 -1.37192e-11 -6.32977e-13 6.63968e-13
7.23246e-05 -7.3599e-06 3.54477e-05 -1.28391e-11 -7.22539e-13 1.09533e-12
0.000210855 1.52972e-06 2.72951e-05 -1.02732e-11 -7.03924e-13 1.42748e-12
0.000310838 1.04472e-05 1.3802e-05 -6.49065e-12 -5.76793e-13 1.59543e-12
0.00035931 1.79846e-05 -3.43011e-06 -2.11825e-12 -3.57941e-13 1.55369e-12
0.000352534 2.29061e-05 -2.20512e-05 2.17169e-12 -7.91997e-14 1.28535e-12
0.000296084 2.43578e-05 -3.92515e-05 5.7747e-12 2.17208e-13 8.07706e-13
0.000202795 2.20271e-05 -5.21534e-05 8.24249e-12 4.85253e-13 1.73058e-13
8.9508e-05 1.62027e-05 -5.83174e-05 9.3317e-12 6.82421e-13 -5.366e-13
-2.61806e-05 7.72238e-06 -5.62691e-05 9.01311e-12 7.76394e-13 -1.22133e-12
-0.000128304 -2.1731e-06 -4.58778e-05 7.4518e-12 7.4995e-13 -1.77961e-12
-0.000204027 -1.20635e-05 -2.84725e-05 4.96903e-12 6.0315e-13 -2.12609e-12
-0.000244693 -2.05612e-05 -6.59619e-06 1.99138e-12 3.52944e-13 -2.20636e-12
-0.000246801 -2.64775e-05 1.65055e-05 -1.01191e-12 3.07422e-14 -2.00551e-12
-0.000212813 -2.89684e-05 3.74788e-05 -3.60161e-12 -3.2177e-13 -1.54943e-12
-0.000151109 -2.76829e-05 5.33751e-05 -5.44044e-12 -6.5864e-13 -8.99916e-13
-7.45017e-05 -2.28685e-05 6.20192e-05 -6.34704e-12 -9.36924e-13 -1.45212e-13
2.66876e-06 -1.53722e-05 6.22577e-05 -6.31456e-12 -1.12399e-12 6.12395e-13
6.7975e-05 -6.45499e-06 5.41378e-05 -5.48738e-12 -1.20254e-12 1.27119e-12
0.00011351 2.54454e-06 3.89756e-05 -4.1061e-12 -1.17157e-12 1.74548e-12
0.000136635 1.05457e-05 1.92164e-05 -2.4434e-12 -1.04324e-12 1.97932e-12
0.000138885 1.69304e-05 -1.97035e-06 -7.53325e-13 -8.37219e-13 1.95535e-12
0.000123965 2.1535e-05 -2.13176e-05 7.55187e-13 -5.75162e-13 1.69593e-12
9.6182e-05 2.44932e-05 -3.61326e-05 1.92561e-12 -2.77107e-13 1.25624e-12
5.9979e-05 2.60405e-05 -4.47787e-05 2.65549e-12 3.97759e-14 7.11334e-13
2.02703e-05 2.63792e-05 -4.68345e-05 2.90216e-12 3.6078e-13 1.41412e-13
-1.73399e-05 2.56218e-05 -4.29246e-05 2.69115e-12 6.72569e-13 -3.80933e-13
-4.72227e-05 2.37865e-05 -3.43576e-05 2.1165e-12 9.62024e-13 -7.99026e-13
-6.52039e-05 2.07568e-05 -2.27685e-05 1.32304e-12 1.21461e-12 -1.07609e-12
-7.00307e-05 1.61969e-05 -9.88582e-06 4.7085e-13 1.41171e-12 -1.19639e-12
-6.38186e-05 9.49079e-06 2.58702e-06 -3.05751e-13 1.5272e-12 -1.16491e-12
-5.10742e-05 -1.65047e-07 1.30754e-05 -9.27267e-13 1.52519e-12 -1.0058e-12
-3.67855e-05 -1.34288e-05 2.03238e-05 -1.37491e-12 1.36178e-12 -7.5848e-13
-2.46265e-05 -3.03116e-05 2.36627e-05 -1.67458e-12 9.92921e-13 -4.70531e-13
-1.61792e-05 -4.97278e-05 2.32206e-05 -1.87147e-12 3.87789e-13 -1.87962e-13
-1.13557e-05 -6.93684e-05 1.98914e-05 -2.00965e-12 -4.56346e-13 5.4094e-14
-9.4251e-06 -8.5988e-05 1.49991e-05 -2.12434e-12 -1.50272e-12 2.36616e-13
-9.77482e-06 -9.60041e-05 9.79093e-06 -2.24329e-12 -2.67098e-12 3.5576e-13
-1.19184e-05 -9.61412e-05 5.0385e-06 -2.38833e-12 -3.84091e-12 4.17073e-13
-1.49632e-05 -8.39373e-05 9.69612e-07 -2.57041e-12 -4.86234e-12 4.28872e-13
-1.72363e-05 -5.81009e-05 -2.47063e-06 -2.78016e-12 -5.56936e-12 3.98807e-13
-1.65982e-05 -1.88225e-05 -5.27061e-06 -2.98214e-12 -5.79841e-12 3.3467e-13
-1.13572e-05 3.18901e-05 -7.17468e-06 -3.12034e-12 -5.41034e-12 2.47362e-13
-1.15615e-06 8.99302e-05 -7.79538e-06 -3.13441e-12 -4.31599e-12 1.52501e-13
1.28071e-05 0.000149074 -6.91197e-06 -2.97857e-12 -2.50193e-12 6.83903e-14
2.83634e-05 0.000201449 -4.71937e-06 -2.63341e-12 -5.05175e-14 1.0961e-14
4.32965e-05 0.000238542 -1.83958e-06 -2.10655e-12 2.85227e-12 -1.14246e-14
5.59517e-05 0.000252596 9.21401e-07 -1.42568e-12 5.92608e-12 -2.12232e-16
6.52144e-05 0.000238055 2.90024e-06 -6.32091e-13 8.82294e-12 3.50804e-14
7.00841e-05 0.000192708 3.78812e-06 2.20753e-13 1.1168e-11 8.11776e-14
6.93948e-05 0.00011829 3.61156e-06 1.06521e-12 1.26074e-11 1.25126e-13
6.20459e-05 2.05217e-05 2.55009e-06 1.82024e-12 1.28572e-11 1.56158e-13
4.76267e-05 -9.13137e-05 7.5434e-07 2.3998e-12 1.1746e-11 1.65337e-13
2.6945e-05 -0.000205159 -1.68459e-06 2.72769e-12 9.24943e-12 1.44838e-13
2.01614e-06 -0.000307332 -4.59661e-06 2.75223e-12 5.50955e-12 8.89022e-14
-2.45192e-05 -0.000384083 -7.55114e-06 2.45385e-12 8.35693e-13 -2.98659e-15
-5.01615e-05 -0.000423523 -9.82532e-06 1.84345e-12 -4.31811e-12 -1.2255e-13
-7.29809e-05 -0.000417633 -1.06184e-05 9.55351e-13 -9.40023e-12 -2.51764e-13
-9.14872e-05 -0.000363867 -9.40633e-06 -1.57946e-13 -1.38281e-11 -3.66228e-13
-0.000104183 -0.00026588 -6.2045e-06 -1.42574e-12 -1.70635e-11 -4.4173e-13
-0.000109338 -0.000133225 -1.57472e-06 -2.75627e-12 -1.86847e-11 -4.60892e-13
-0.000105326 1.98312e-05 3.61101e-06 -4.03797e-12 -1.84434e-11 -4.1695e-13
-9.14019e-05 0.000176042 8.46434e-06 -5.15023e-12 -1.63012e-11 -3.13949e-13
-6.83573e-05 0.000317216 1.22601e-05 -5.98206e-12 -1.2441e-11 -1.64757e-13
-3.85391e-05 0.000426416 1.44666e-05 -6.45104e-12 -7.25202e-12 1.12853e-14
-5.18356e-06 0.000490191 1.4717e-05 -6.51412e-12 -1.28694e-12 1.90375e-13
2.84694e-05 0.000500541 1.2853e-05 -6.16768e-12 4.80408e-12 3.46782e-13
5.96986e-05 0.000456205 9.03304e-06 -5.44121e-12 1.03556e-11 4.56704e-13
8.62442e-05 0.000362907 3.81626e-06 -4.39172e-12 1.47718e-11 5.03143e-13
0.000105993 0.000232481 -1.89351e-06 -3.1019e-12 1.76008e-11 4.80101e-13
0.000116938 8.10765e-05 -7.05158e-06 -1.6789e-12 1.85874e-11 3.94292e-13
0.000117634 -7.31502e-05 -1.076e-05 -2.47426e-13 1.76972e-11 2.63355e-13
0.000107874 -0.000212436 -1.24979e-05 1.06528e-12 1.51121e-11 1.11269e-13
8.90324e-05 -0.000321584 -1.21897e-05 2.1487e-12 1.11988e-11 -3.70663e-14
6.37502e-05 -0.000389697 -1.01125e-05 2.92447e-12 6.45664e-12 -1.60124e-13
3.51269e-05 -0.000411344 -6.73368e-06 3.35192e-12 1.45105e-12 -2.42066e-13
5.95492e-06 -0.000387032 -2.58684e-06 3.42439e-12 -3.25869e-12 -2.73545e-13
-2.15591e-05 -0.000322926 1.75249e-06 3.16204e-12 -7.18833e-12 -2.52219e-13
-4.55707e-05 -0.000229754 5.64817e-06 2.60749e-12 -9.98418e-12 -1.83487e-13
-6.42854e-05 -0.00012106 8.43932e-06 1.82521e-12 -1.14574e-11 -8.07899e-14
-7.59924e-05 -1.10914e-05 9.58508e-06 9.00469e-13 -1.15923e-11 3.58497e-14
-7.95436e-05 8.72386e-05 8.85997e-06 -6.74872e-14 -1.05307e-11 1.43666e-13
-7.49339e-05 0.000163922 6.46609e-06 -9.79349e-13 -8.53598e-12 2.22351e-13
-6.34985e-05 0.000212765 2.96914e-06 -1.75205e-12 -5.94688e-12 2.58482e-13
-4.75052e-05 0.000231637 -9.1721e-07 -2.33014e-12 -3.12811e-12 2.4732e-13
-2.93776e-05 0.000222223 -4.5571e-06 -2.68763e-12 -4.23906e-13 1.91865e-13
-1.1068e-05 0.000189404 -7.50425e-06 -2.82232e-12 1.88093e-12 1.00547e-13
6.06334e-06 0.000140366 -9.44987e-06 -2.74853e-12 3.58903e-12 -1.44471e-14
2.08994e-05 8.34413e-05 -1.01438e-05 -2.49421e-12 4.60441e-12 -1.37885e-13
3.22131e-05 2.68243e-05 -9.40003e-06 -2.10221e-12 4.93084e-12 -2.52273e-13
3.87447e-05 -2.26063e-05 -7.20267e-06 -1.63073e-12 4.65574e-12 -3.39921e-13
3.97499e-05 -6.0102e-05 -3.8187e-06 -1.14702e-12 3.92437e-12 -3.86391e-13
3.55859e-05 -8.33284e-05 2.0283e-07 -7.13981e-13 2.91036e-12 -3.83922e-13
2.7793e-05 -9.21906e-05 4.16634e-06 -3.75772e-13 1.7885e-12 -3.33223e-13
1.85034e-05 -8.83657e-05 7.4392e-06 -1.50607e-13 7.13189e-13 -2.42696e-13
9.55558e-06 -7.47448e-05 9.61233e-06 -3.43267e-14 -1.9637e-13 -1.25725e-13
1.93356e-06 -5.48966e-05 1.05423e-05 -1.07975e-14 -8.644e-13 2.56267e-15
-4.12594e-06 -3.25621e-05 1.02723e-05 -6.10056e-14 -1.26064e-12 1.27566e-13
-8.56629e-06 -1.11749e-05 8.92166e-06 -1.65248e-13 -1.39663e-12 2.36132e-13
-1.10611e-05 6.5836e-06 6.63828e-06 -2.99848e-13 -1.31652e-12 3.16912e-13
-1.11015e-05 1.9099e-05 3.63247e-06 -4.34941e-13 -1.0841e-12 3.61115e-13
-8.53247e-06 2.59207e-05 2.51293e-07 -5.38771e-13 -7.68677e-13 3.64173e-13
-4.02995e-06 2.75813e-05 -3.02262e-06 -5.87811e-13 -4.33043e-13 3.27391e-13
9.69501e-07 2.52307e-05 -5.68762e-06 -5.76013e-13 -1.26014e-13 2.5818e-13
4.92986e-06 2.02555e-05 -7.40027e-06 -5.16023e-13 1.20472e-13 1.68127e-13
7.01122e-06 1.40131e-05 -8.08485e-06 -4.30704e-13 2.90996e-13 6.97431e-14
7.39247e-06 7.71215e-06 -7.89586e-06 -3.40746e-13 3.84844e-13 -2.63407e-14
6.86806e-06 2.34209e-06 -7.07473e-06 -2.57169e-13 4.13345e-13 -1.12432e-13
6.06827e-06 -1.44015e-06 -5.81223e-06 -1.83325e-13 3.95819e-13 -1.8316e-13
4.94589e-06 -3.43312e-06 -4.20881e-06 -1.23139e-13 3.54042e-13 -2.34377e-13
2.96312e-06 -3.92297e-06 -2.34329e-06 -8.70816e-14 3.06304e-13 -2.62892e-13
-1.92228e-07 -3.5315e-06 -3.6141e-07 -8.94208e-14 2.6333e-13 -2.6729e-13
-3.99846e-06 -2.92752e-06 1.50473e-06 -1.38077e-13 2.27705e-13 -2.48979e-13
-7.1725e-06 -2.55105e-06 3.02238e-06 -2.25359e-13 1.96662e-13 -2.122e-13
-8.43607e-06 -2.51483e-06 4.05948e-06 -3.28016e-13 1.66059e-13 -1.62801e-13
-7.37081e-06 -2.71177e-06 4.63393e-06 -4.17711e-13 1.3306e-13 -1.06411e-13
-4.66344e-06 -3.00153e-06 4.84475e-06 -4.7446e-13 9.65347e-14 -4.7456e-14
-1.52041e-06 -3.32421e-06 4.76166e-06 -4.92961e-13 5.60828e-14 1.04881e-14
1.26495e-06 -3.66199e-06 4.3676e-06 -4.77568e-13 1.15206e-14 6.36368e-14
3.80005e-06 -3.93193e-06 3.60589e-06 -4.31326e-13 -3.63266e-14 1.07516e-13
6.71026e-06 -3.93771e-06 2.48195e-06 -3.49669e-13 -8.42441e-14 1.37719e-13
1.02352e-05 -3.45268e-06 1.13921e-06 -2.25119e-13 -1.26259e-13 1.51582e-13
1.3611e-05 -2.37762e-06 -1.79321e-07 -5.9488e-14 -1.55192e-13 1.494e-13
1.53356e-05 -8.53375e-07 -1.2596e-06 1.2713e-13 -1.65577e-13 1.34072e-13
1.41651e-05 7.78023e-07 -2.02961e-06 2.99502e-13 -1.56109e-13 1.09374e-13
1.00648e-05 2.15545e-06 -2.56689e-06 4.21979e-13 -1.2988e-13 7.81375e-14
4.32115e-06 3.09763e-06 -2.98037e-06 4.74563e-13 -9.21851e-14 4.18697e-14
-1.27932e-06 3.67366e-06 -3.27824e-06 4.58995e-13 -4.74809e-14 1.97725e-15
-5.57018e-06 4.07696e-06 -3.33828e-06 3.91212e-13 2.13121e-15 -3.86458e-14
-8.51014e-06 4.39551e-06 -3.01647e-06 2.87653e-13 5.56197e-14 -7.53528e-14
-1.07106e-05 4.48396e-06 -2.283e-06 1.57317e-13 1.10184e-13 -1.03134e-13
-1.24599e-05 4.0282e-06 -1.28141e-06 5.69418e-15 1.59203e-13 -1.18728e-13
-1.3146e-05 2.77245e-06 -2.50843e-07 -1.54278e-13 1.92941e-13 -1.2178e-13
-1.16693e-05 7.05546e-07 6.11825e-07 -2.96281e-13 2.01526e-13 -1.14335e-13
-7.51011e-06 -1.9185e-06 1.25601e-06 -3.87671e-13 1.7818e-13 -9.90507e-14
-1.54562e-06 -4.72858e-06 1.74979e-06 -4.06479e-13 1.20639e-13 -7.77577e-14
4.17597e-06 -7.41276e-06 2.15344e-06 -3.55662e-13 3.0434e-14 -5.15528e-14
7.62442e-06 -9.76418e-06 2.40035e-06 -2.62882e-13 -8.83851e-14 -2.23432e-14
8.04046e-06 -1.15742e-05 2.30065e-06 -1.65038e-13 -2.29231e-13 5.65319e-15
6.27692e-06 -1.24877e-05 1.69064e-06 -8.86553e-14 -3.81192e-13 2.62264e-14
3.9642e-06 -1.20067e-05 6.04399e-07 -4.04154e-14 -5.27301e-13 3.35812e-14
2.21838e-06 -9.68084e-06 -6.75689e-07 -1.34203e-14 -6.45105e-13 2.53589e-14
9.67736e-07 -5.38883e-06 -1.74291e-06 -1.64405e-15 -7.10681e-13 4.14957e-15
-5.61843e-07 4.96099e-07 -2.28694e-06 -8.48104e-15 -7.04645e-13 -2.36799e-14
-2.68125e-06 7.17876e-06 -2.22754e-06 -4.11088e-14 -6.17287e-13 -5.07866e-14
-4.49865e-06 1.3688e-05 -1.69027e-06 -9.58523e-14 -4.50719e-13 -7.13553e-14
-4.37444e-06 1.91234e-05 -8.52893e-07 -1.49084e-13 -2.18009e-13 -8.1734e-14
-1.28307e-06 2.27632e-05 1.78672e-07 -1.64698e-13 5.89936e-14 -7.95598e-14
4.04496e-06 2.40426e-05 1.3656e-06 -1.15475e-13 3.51565e-13 -6.2942e-14
9.25753e-06 2.25208e-05 2.61425e-06 -2.82148e-15 6.25617e-13 -3.11295e-14
1.17993e-05 1.79455e-05 3.66345e-06 1.40763e-13 8.43994e-13 1.34506e-14
1.05682e-05 1.04331e-05 4.11669e-06 2.69366e-13 9.70953e-13 6.3546e-14
6.50441e-06 6.43187e-07 3.64066e-06 3.48518e-13 9.78779e-13 1.07849e-13
1.65831e-06 -1.02016e-05 2.19064e-06 3.68697e-13 8.54637e-13 1.34506e-13
-2.47446e-06 -2.05323e-05 9.92918e-08 3.38586e-13 6.04783e-13 1.35715e-13
-5.92681e-06 -2.87972e-05 -2.06613e-06 2.66464e-13 2.54353e-13 1.10572e-13
-9.72257e-06 -3.38059e-05 -3.78542e-06 1.48151e-13 -1.57026e-13 6.45078e-14
-1.43046e-05 -3.48648e-05 -4.79464e-06 -2.59196e-14 -5.81292e-13 6.16242e-15
-1.83784e-05 -3.17328e-05 -5.08958e-06 -2.49564e-13 -9.67444e-13 -5.5772e-14
-1.93653e-05 -2.45383e-05 -4.75965e-06 -4.85217e-13 -1.26605e-12 -1.13692e-13
-1.52771e-05 -1.37979e-05 -3.82444e-06 -6.71122e-13 -1.43395e-12 -1.60231e-13
-6.54916e-06 -5.59599e-07 -2.24283e-06 -7.50818e-13 -1.44076e-12 -1.87523e-13
3.75571e-06 1.3522e-05 -8.80154e-08 -7.05115e-13 -1.27621e-12 -1.88594e-13
1.17492e-05 2.63659e-05 2.27545e-06 -5.62141e-13 -9.55371e-13 -1.60905e-13
1.52211e-05 3.59526e-05 4.22648e-06 -3.76918e-13 -5.17869e-13 -1.09473e-13
1.4888e-05 4.08962e-05 5.16647e-06 -1.95747e-13 -2.02088e-14 -4.66032e-14
1.33399e-05 4.07683e-05 4.85062e-06 -3.34161e-14 4.75895e-13 1.24234e-14
1.2519e-05 3.59621e-05 3.54695e-06 1.18926e-13 9.13513e-13 5.55858e-14
1.18408e-05 2.71929e-05 1.87006e-06 2.63015e-13 1.24442e-12 7.83423e-14
8.67132e-06 1.49346e-05 4.1899e-07 3.68536e-13 1.42616e-12 8.34409e-14
1.00557e-06 -9.33652e-07 -5.49595e-07 3.80772e-13 1.41479e-12 7.6753e-14
-9.65392e-06 -2.11971e-05 -1.16629e-06 2.63295e-13 1.15685e-12 6.25606e-14
-1.7585e-05 -4.73255e-05 -1.73864e-06 4.93053e-14 5.80952e-13 4.14033e-14
-1.49288e-05 -8.15437e-05 -2.48176e-06 -1.32361e-13 -4.11342e-13 1.1203e-14
5.18264e-06 -0.000126703 -3.44826e-06 -6.9294e-14 -1.95318e-12 -3.07585e-14
4.74011e-05 -0.000185303 -4.72437e-06 5.07524e-13 -4.2081e-12 -8.82487e-14
0.000116492 -0.000257034 -6.72092e-06 1.92511e-12 -7.33591e-12 -1.70035e-13
0.000221755 -0.000334959 -1.02123e-05 4.62362e-12 -1.1412e-11 -2.94306e-13
0.000379344 -0.000401724 -1.59163e-05 9.23981e-12 -1.63005e-11 -4.8799e-13
0.000608345 -0.00042805 -2.36667e-05 1.66427e-11 -2.15094e-11 -7.75987e-13
0.000919518 -0.000375629 -3.16148e-05 2.78322e-11 -2.60804e-11 -1.1607e-12
0.00129997 -0.000205167 -3.59972e-05 4.36513e-11 -2.8577e-11 -1.59875e-12
0.00169986 0.000111525 -3.18234e-05 6.43367e-11 -2.72199e-11 -1.986e-12
0.00202705 0.000578117 -1.4327e-05 8.90036e-11 -2.01849e-11 -2.16035e-12
0.00215291 0.0011622 1.93284e-05 1.15202e-10 -6.04217e-12 -1.92514e-12
0.00192968 0.00178859 6.86297e-05 1.38684e-10 1.5723e-11 -1.09e-12
0.00121828 0.00234005 0.000128857 1.53509e-10 4.41988e-11 4.78051e-13
-7.52398e-05 0.00266764 0.000190832 1.52594e-10 7.6661e-11 2.80026e-12
-0.00195804 0.00261201 0.00024125 1.28767e-10 1.08446e-10 5.736e-12
-0.00431074 0.00203488 0.000263856 7.63097e-11 1.33208e-10 8.94683e-12
-0.00686105 0.000857231 0.000241791 -7.18159e-12 1.4364e-10 1.18892e-11
-0.00918381 -0.000902919 0.000161307 -1.18938e-10 1.32652e-10 1.38521e-11
-0.0107373 -0.00310188 1.63459e-05 -2.49599e-10 9.49061e-11 1.4051e-11
-0.0109385 -0.00546022 -0.000187066 -3.82708e-10 2.84614e-11 1.17746e-11
-0.00927014 -0.00757892 -0.000428008 -4.95515e-10 -6.37655e-11 6.56623e-12
-0.0054075 -0.00898618 -0.000670528 -5.61318e-10 -1.73117e-10 -1.59334e-12
0.000657151 -0.0092137 -0.000866806 -5.53322e-10 -2.85238e-10 -1.21414e-11
0.00851477 -0.0078942 -0.000963722 -4.49706e-10 -3.81301e-10 -2.38688e-11
0.017294 -0.00486323 -0.000912391 -2.39258e-10 -4.40481e-10 -3.49716e-11
0.0256977 -0.000242365 -0.000679714 7.34547e-11 -4.4343e-10 -4.32429e-11
0.0321397 0.00552028 -0.0002599 4.64559e-10 -3.76255e-10 -4.64056e-11
0.0349815 0.0116697 0.000316825 8.90244e-10 -2.34247e-10 -4.25502e-11
0.0328391 0.017229 0.000981633 1.28986e-09 -2.45901e-11 -3.06048e-11
0.0249078 0.0211399 0.0016329 1.59296e-09 2.32659e-10 -1.07343e-11
0.0112353 0.0224384 0.00215056 1.72968e-09 5.05709e-10 1.54357e-11
-0.00712201 0.0204372 0.00241667 1.64301e-09 7.54407e-10 4.48438e-11
-0.0281057 0.0148877 0.0023379 1.301e-09 9.35573e-10 7.32934e-11
-0.0488432 0.00609353 0.0018655 7.06633e-10 1.00972e-09 9.59944e-11
-0.0660054 -0.0050465 0.00100935 -9.65791e-11 9.48314e-10 1.08277e-10
-0.0762922 -0.0170908 -0.000155663 -1.02497e-09 7.40339e-10 1.06383e-10
-0.0769864 -0.0282146 -0.00149132 -1.96181e-09 3.96999e-10 8.82351e-11
-0.0664986 -0.0364766 -0.0028069 -2.77102e-09 -4.68797e-11 5.40783e-11
-0.0448134 -0.0401635 -0.00388062 -3.31635e-09 -5.35624e-10 6.85554e-12
-0.0137397 -0.0381516 -0.00449319 -3.48354e-09 -9.99886e-10 -4.78215e-11
0.0231253 -0.0302009 -0.00447153 -3.20213e-09 -1.3674e-09 -1.02235e-10
0.0607768 -0.017095 -0.00373471 -2.46255e-09 -1.57542e-09 -1.47682e-10
0.0935189 -0.000571296 -0.00232871 -1.32453e-09 -1.58237e-09 -1.7602e-10
0.115919 0.0169586 -0.00043518 8.60724e-11 -1.37601e-09 -1.81316e-10
0.123814 0.0328358 0.00165462 1.59275e-09 -9.76433e-10 -1.61181e-10
0.115145 0.0446249 0.00359742 2.99394e-09 -4.33398e-10 -1.17404e-10
0.0904067 0.0505195 0.00507065 4.09409e-09 1.81368e-10 -5.57001e-11
0.0526175 0.0496098 0.00583778 4.73439e-09 7.85062e-10 1.5339e-11
0.00682725 0.0419848 0.00578744 4.81747e-09 1.29597e-09 8.57657e-11
-0.0407081 0.0286877 0.00494022 4.32209e-09 1.64507e-09 1.45883e-10
-0.0834949 0.0115555 0.00342988 3.30605e-09 1.78568e-09 1.8762e-10
-0.115745 -0.00702929 0.00147296 1.89757e-09 1.70015e-09 2.05545e-10
-0.133166 -0.0244572 -0.000661907 2.77093e-10 1.40253e-09 1.9749e-10
-0.133536 -0.0382634 -0.0026823 -1.3479e-09 9.36905e-10 1.64849e-10
-0.117003 -0.0465126 -0.00430331 -2.77169e-09 3.709e-10 1.12483e-10
-0.0860778 -0.0481318 -0.00528717 -3.81916e-09 -2.1481e-10 4.81442e-11
-0.0452921 -0.0431117 -0.00548888 -4.37032e-09 -7.3943e-10 -1.86493e-11
-0.000529319 -0.03251 -0.00489523 -4.37676e-09 -1.13504e-09 -7.82187e-11
0.0418986 -0.0182396 -0.00363889 -3.8669e-09 -1.357e-09 -1.225e-10
0.0762716 -0.00268259 -0.00197494 -2.93876e-09 -1.38964e-09 -1.46533e-10
0.0983789 0.0117724 -0.000221266 -1.7416e-09 -1.24638e-09 -1.49225e-10
0.106137 0.0231544 0.00131925 -4.50039e-10 -9.64621e-10 -1.33171e-10
0.099776 0.0302 0.00242766 7.64122e-10 -5.97122e-10 -1.0363e-10
0.0815914 0.0324635 0.00300655 1.757e-09 -2.02078e-10 -6.70432e-11
0.0553404 0.0302595 0.00307731 2.43043e-09 1.66146e-10 -2.95958e-11
0.0254714 0.0244892 0.00274609 2.74039e-09 4.64152e-10 3.82104e-12
-0.00364556 0.0164136 0.00215736 2.69602e-09 6.63887e-10 3.00737e-11
-0.028344 0.00742378 0.00145434 2.35111e-09 7.54226e-10 4.77714e-11
-0.0460714 -0.00116275 0.000756199 1.79047e-09 7.40077e-10 5.69735e-11
-0.0555719 -0.00826564 0.000150764 1.11423e-09 6.39493e-10 5.88082e-11
-0.0568632 -0.0131578 -0.000305067 4.22266e-10 4.79378e-10 5.50959e-11
-0.0510477 -0.015525 -0.000584872 -1.98926e-10 2.90457e-10 4.79786e-11
-0.0400048 -0.0154619 -0.000693956 -6.8574e-10 1.02303e-10 3.9534e-11
-0.0260178 -0.0134047 -0.000668904 -1.00235e-09 -6.08174e-11 3.13942e-11
-0.0113939 -0.0100127 -0.000570474 -1.141e-09 -1.82661e-10 2.44521e-11
0.00186384 -0.00602573 -0.000468145 -1.11832e-09 -2.55987e-10 1.87553e-11
0.0122894 -0.00212699 -0.00041964 -9.68769e-10 -2.8187e-10 1.36488e-11
0.01907 0.00115976 -0.000452659 -7.36708e-10 -2.67757e-10 8.14044e-12
0.022045 0.00352311 -0.000556007 -4.68445e-10 -2.24885e-10 1.37447e-12
0.0216093 0.00486535 -0.000683948 -2.05485e-10 -1.65679e-10 -6.94841e-12
0.0185508 0.00526383 -0.000772536 2.0258e-11 -1.01625e-10 -1.63493e-11
0.0138575 0.00491101 -0.000762398 1.88888e-10 -4.18631e-11 -2.56268e-11
0.00852884 0.00405201 -0.000620123 2.92674e-10 7.44521e-12 -3.3173e-11
0.00342226 0.0029331 -0.00035084 3.34319e-10 4.31377e-11 -3.74424e-11
-0.000844591 0.00176708 2.55357e-06 3.24042e-10 6.46412e-11 -3.74113e-11
-0.00392813 0.000714785 0.000373244 2.76241e-10 7.33393e-11 -3.28693e-11
-0.00573755 -0.000121232 0.000692029 2.06421e-10 7.1864e-11 -2.44481e-11
-0.00637681 -0.000694926 0.00090775 1.28823e-10 6.34076e-11 -1.34018e-11
-0.00607274 -0.00100946 0.000998381 5.49242e-11 5.11235e-11 -1.25263e-12
-0.00510815 -0.00110537 0.000969141 -7.23622e-12 3.76724e-11 1.05407e-11
-0.00377039 -0.0010452 0.000840703 -5.31176e-11 2.49535e-11 2.07711e-11
-0.0023173 -0.000896791 0.000635553 -8.13165e-11 1.40406e-11 2.85051e-11
-0.000957532 -0.000718473 0.000370859 -9.29686e-11 5.2976e-12 3.3018e-11
0.000159457 -0.000549506 6.12982e-05 -9.10282e-11 -1.38927e-12 3.3764e-11
0.000946846 -0.000407638 -0.000271548 -7.95061e-11 -6.34976e-12 3.04595e-11
0.00137863 -0.000293266 -0.00059134 -6.27297e-11 -9.91847e-12 2.32636e-11
0.00148246 -0.000197496 -0.000848112 -4.46898e-11 -1.23218e-11 1.2943e-11
0.00132687 -0.000110493 -0.000990337 -2.85433e-11 -1.36664e-11 8.91725e-13
0.00100399 -2.70393e-05 -0.000982813 -1.63259e-11 -1.39954e-11 -1.1068e-11
0.000610233 5.20058e-05 -0.000821309 -8.90006e-12 -1.33625e-11 -2.10624e-11
0.000229097 0.000121709 -0.000536212 -6.11221e-12 -1.18815e-11 -2.75875e-11
-7.99431e-05 0.000176556 -0.000183276 -7.08503e-12 -9.73299e-12 -2.98178e-11
-0.000284285 0.000213313 0.000173775 -1.05445e-11 -7.13721e-12 -2.77031e-11
-0.000373858 0.000232028 0.000480409 -1.50939e-11 -4.31369e-12 -2.18571e-11
-0.000353517 0.000235129 0.000701035 -1.93958e-11 -1.45243e-12 -1.33263e-11
-0.000236902 0.000225564 0.000819203 -2.22786e-11 1.29243e-12 -3.35749e-12
-4.45852e-05 0.000205149 0.000831532 -2.28212e-11 3.78886e-12 6.76132e-12
0.000194312 0.000173936 0.000741394 -2.04566e-11 5.90546e-12 1.57832e-11
0.00044071 0.000130836 0.000557032 -1.50937e-11 7.49759e-12 2.25617e-11
0.000648513 7.51748e-05 0.000294742 -7.20199e-12 8.41238e-12 2.61484e-11
0.000773248 8.48394e-06 -1.63615e-05 2.20757e-12 8.51562e-12 2.59493e-11
0.000783933 -6.42524e-05 -0.000333029 1.17472e-11 7.73374e-12 2.18967e-11
0.000672869 -0.0001346 -0.00060329 1.99352e-11 6.09581e-12 1.45553e-11
0.000458523 -0.000192199 -0.000778006 2.55149e-11 3.75697e-12 5.08789e-12
0.000179912 -0.000227443 -0.000824309 2.77042e-11 9.89241e-13 -4.94303e-12
-0.000114862 -0.000234295 -0.000735293 2.63065e-11 -1.86187e-12 -1.38907e-11
-0.000380747 -0.000212014 -0.000531888 2.16732e-11 -4.44184e-12 -2.03632e-11
-0.000583839 -0.000164969 -0.000256389 1.45686e-11 -6.44932e-12 -2.34832e-11
-0.000703636 -0.00010068 3.94011e-05 6.00613e-12 -7.67448e-12 -2.30037e-11
-0.000731048 -2.71614e-05 0.000306623 -2.8899e-12 -8.005e-12 -1.92724e-11
-0.000665531 4.90199e-05 0.000508287 -1.09887e-11 -7.40849e-12 -1.30871e-11
-0.00051403 0.000122998 0.000622873 -1.72438e-11 -5.91174e-12 -5.50748e-12
-0.000292158 0.000190314 0.000643537 -2.07991e-11 -3.59584e-12 2.32364e-12
-2.57721e-05 0.000245172 0.000575396 -2.11127e-11 -6.12371e-13 9.32556e-12
0.000249655 0.000279745 0.000433224 -1.80747e-11 2.79181e-12 1.45974e-11
0.000493451 0.000285426 0.000240262 -1.20699e-11 6.26513e-12 1.75211e-11
0.000667427 0.000255788 2.70724e-05 -3.94809e-12 9.37778e-12 1.78506e-11
0.000744382 0.000189898 -0.000171479 5.1102e-12 1.16886e-11 1.57639e-11
0.00071434 9.42351e-05 -0.000322125 1.38029e-11 1.28354e-11 1.1844e-11
0.00058623 -1.79607e-05 -0.000401028 2.09367e-11 1.26168e-11 6.96391e-12
0.000384603 -0.000129796 -0.000400612 2.56169e-11 1.10373e-11 2.08891e-12
0.000142937 -0.000224961 -0.00033209 2.73563e-11 8.29979e-12 -1.95225e-12
-0.000103848 -0.000291262 -0.000221907 2.60925e-11 4.75547e-12 -4.65262e-12
-0.000325152 -0.00032216 -0.000103145 2.21358e-11 8.35148e-13 -5.90778e-12
-0.000497518 -0.000316219 -5.28721e-06 1.60816e-11 -3.01288e-12 -5.97212e-12
-0.00060491 -0.000275499 5.36108e-05 8.72051e-12 -6.3654e-12 -5.31973e-12
-0.000637957 -0.000204287 6.97982e-05 9.57294e-13 -8.85133e-12 -4.47037e-12
-0.000593689 -0.000108951 5.177e-05 -6.26723e-12 -1.01771e-11 -3.84039e-12
-0.000476327 1.37172e-06 1.53282e-05 -1.20636e-11 -1.01604e-11 -3.65386e-12
-0.00029843 0.000114345 -2.16556e-05 -1.56952e-11 -8.769e-12 -3.91738e-12
-8.10371e-05 0.000215283 -4.32178e-05 -1.66813e-11 -6.14925e-12 -4.44329e-12
0.000148219 0.000289524 -3.79113e-05 -1.48776e-11 -2.62608e-12 -4.90463e-12
0.000358989 0.000325624 -6.98452e-07 -1.05091e-11 1.3364e-12 -4.91313e-12
0.000522971 0.000318085 6.55034e-05 -4.14517e-12 5.20713e-12 -4.11603e-12
0.000618149 0.000268636 0.000149165 3.37701e-12 8.47613e-12 -2.30086e-12
0.000631631 0.000185715 0.000231435 1.10633e-11 1.07361e-11 5.15436e-13
0.000560986 8.25688e-05 0.000290004 1.78898e-11 1.17408e-11 4.04446e-12
0.000414471 -2.53638e-05 0.000304923 2.29335e-11 1.14322e-11 7.75503e-12
0.000210401 -0.000123158 0.000264558 2.54938e-11 9.93349e-12 1.09744e-11
-2.45747e-05 -0.000198746 0.000169491 2.51948e-11 7.51498e-12 1.30369e-11
-0.000258626 -0.000244539 3.29799e-05 2.20476e-11 4.53922e-12 1.34382e-11
-0.000459243 -0.000258052 -0.000122061 1.64591e-11 1.39901e-12 1.19529e-11
-0.000598281 -0.00024139 -0.000268304 9.1787e-12 -1.53844e-12 8.68794e-12
-0.000656268 -0.000199876 -0.000379785 1.19266e-12 -3.97071e-12 4.06638e-12
-0.000624987 -0.000140421 -0.0004368 -6.41272e-12 -5.67947e-12 -1.24898e-12
-0.000508103 -7.03181e-05 -0.000429168 -1.25958e-11 -6.53516e-12 -6.47147e-12
-0.000320339 3.21092e-06 -0.000357655 -1.64939e-11 -6.49609e-12 -1.08237e-11
-8.58435e-05 7.29805e-05 -0.000233549 -1.75386e-11 -5.608e-12 -1.36658e-11
0.000164064 0.000131922 -7.64842e-05 -1.55421e-11 -4.00266e-12 -1.45965e-11
0.000394157 0.000173759 8.91659e-05 -1.07456e-11 -1.88821e-12 -1.35114e-11
0.000569981 0.000194225 0.000238644 -3.8096e-12 4.75289e-13 -1.06074e-11
0.000663717 0.000192193 0.000350982 4.26709e-12 2.81406e-12 -6.33635e-12
0.000659955 0.000170024 0.000412087 1.2298e-11 4.88306e-12 -1.32171e-12
0.00055945 0.000132746 0.000416242 1.91059e-11 6.49843e-12 3.74349e-12
0.000379257 8.63875e-05 0.000366034 2.3721e-11 7.54967e-12 8.19771e-12
0.000148941 3.62515e-05 0.000271121 2.55335e-11 7.99081e-12 1.14969e-11
-9.58494e-05 -1.40057e-05 0.00014632 2.43671e-11 7.82038e-12 1.32775e-11
-0.000320163 -6.21403e-05 9.32079e-06 2.04711e-11 7.0642e-12 1.33909e-11
-0.000494868 -0.000106223 -0.000121779 1.44491e-11 5.77159e-12 1.1909e-11
-0.000599333 -0.000143497 -0.000230896 7.15586e-12 4.0254e-12 9.09926e-12
-0.000622251 -0.000169989 -0.000305985 -4.16229e-13 1.95682e-12 5.37576e-12
-0.000561845 -0.000181231 -0.000340268 -7.25326e-12 -2.48558e-13 1.23509e-12
-0.000426222 -0.000173731 -0.000332477 -1.24399e-11 -2.36267e-12 -2.81078e-12
-0.000233517 -0.000146445 -0.000286252 -1.52815e-11 -4.14473e-12 -6.29415e-12
-1.07278e-05 -0.000101449 -0.000209053 -1.54121e-11 -5.37926e-12 -8.83808e-12
0.00020972 -4.35526e-05 -0.000110996 -1.286e-11 -5.90924e-12 -1.01888e-11
0.000395471 2.08345e-05 -3.77509e-06 -8.04758e-12 -5.65571e-12 -1.02347e-11
0.000520338 8.48823e-05 0.000100384 -1.71566e-12 -4.62279e-12 -9.01316e-12
0.00056901 0.000142045 0.000189844 5.20855e-12 -2.89426e-12 -6.70298e-12
0.000538954 0.000186228 0.000254741 1.1767e-11 -6.28078e-13 -3.60307e-12
0.00043933 0.000211813 0.000288018 1.71132e-11 1.94945e-12 -9.82081e-14
0.000287898 0.000214081 0.000286081 2.06166e-11 4.55458e-12 3.38307e-12
0.000107329 0.000190233 0.000249015 2.19226e-11 6.8695e-12 6.4133e-12
-7.8108e-05 0.000140733 0.000180587 2.09721e-11 8.58206e-12 8.61085e-12
-0.000245201 7.0309e-05 8.82046e-05 1.79883e-11 9.43765e-12 9.6842e-12
-0.000374067 -1.21094e-05 -1.72264e-05 1.34364e-11 9.29029e-12 9.47457e-12
-0.000450285 -9.47536e-05 -0.000121925 7.95689e-12 8.13724e-12 7.99088e-12
-0.000466729 -0.000165338 -0.000210747 2.27732e-12 6.12527e-12 5.42633e-12
-0.000424594 -0.000213564 -0.000269646 -2.8895e-12 3.52644e-12 2.14503e-12
-0.000333106 -0.000232969 -0.000288535 -6.94303e-12 6.91468e-13 -1.36612e-12
-0.000207784 -0.000221687 -0.000263626 -9.47153e-12 -2.00622e-12 -4.57415e-12
-6.75583e-05 -0.000182163 -0.000198398 -1.02936e-11 -4.22293e-12 -6.98842e-12
6.8543e-05 -0.000120269 -0.000102913 -9.45955e-12 -5.68647e-12 -8.24076e-12
0.000184395 -4.431e-05 8.14034e-06 -7.21567e-12 -6.22567e-12 -8.1417e-12
0.000268851 3.58967e-05 0.000117959 -3.94406e-12 -5.78885e-12 -6.70627e-12
0.000316558 0.00010994 0.000210046 -9.19052e-14 -4.45101e-12 -4.15025e-12
0.000327488 0.000167953 0.000270305 3.89325e-12 -2.4072e-12 -8.60938e-13
0.000305536 0.00020203 0.00028888 7.61127e-12 5.12795e-14 2.6544e-12
0.000256823 0.000207668 0.000261772 1.07365e-11 2.57837e-12 5.83987e-12
0.000188376 0.000184797 0.000192032 1.30288e-11 4.82713e-12 8.17668e-12
0.000107564 0.000137938 8.9987e-05 1.43378e-11 6.50569e-12 9.27172e-12
2.2133e-05 7.53336e-05 -2.80021e-05 1.46071e-11 7.42241e-12 8.93097e-12
-5.97668e-05 7.23104e-06 -0.000142294 1.38798e-11 7.51041e-12 7.19941e-12
-0.000130166 -5.61517e-05 -0.000233695 1.22958e-11 6.8271e-12 4.3556e-12
-0.000182607 -0.000106446 -0.000287176 1.00737e-11 5.53177e-12 8.60991e-13
-0.000213644 -0.000138315 -0.000294561 7.47392e-12 3.84864e-12 -2.72349e-12
-0.0002236 -0.000149864 -0.000255627 4.75296e-12 2.02496e-12 -5.83419e-12
-0.000215877 -0.000142367 -0.000177605 2.12598e-12 2.92514e-13 -7.99543e-12
-0.000195003 -0.00011949 -7.34971e-05 -2.46996e-13 -1.16154e-12 -8.88981e-12
-0.000164373 -8.6262e-05 4.02278e-05 -2.24723e-12 -2.21126e-12 -8.40028e-12
-0.000124989 -4.79857e-05 0.000146171 -3.76821e-12 -2.79519e-12 -6.62155e-12
-7.59692e-05 -9.34636e-06 0.000228499 -4.69267e-12 -2.90892e-12 -3.84098e-12
-1.6584e-05 2.61004e-05 0.000275216 -4.89448e-12 -2.59131e-12 -4.91908e-13
5.13721e-05 5.59777e-05 0.000279956 -4.26934e-12 -1.91012e-12 2.91485e-12
0.000122286 7.87816e-05 0.000242979 -2.78126e-12 -9.5144e-13 5.87163e-12
0.000187281 9.34748e-05 0.000171095 -5.02264e-13 1.86042e-13 7.95365e-12
0.000236364 9.92573e-05 7.64589e-05 2.37402e-12 1.39389e-12 8.88407e-12
0.000261037 9.56365e-05 -2.55745e-05 5.55055e-12 2.55768e-12 8.57286e-12
0.000256195 8.27218e-05 -0.00011911 8.66815e-12 3.56431e-12 7.12342e-12
0.00022074 6.15199e-05 -0.000190361 1.13543e-11 4.31294e-12 4.80695e-12
0.000157169 3.40082e-05 -0.000229829 1.32669e-11 4.72678e-12 2.01018e-12
7.09401e-05 2.95098e-06 -0.000233658 1.41301e-11 4.76269e-12 -8.33166e-13
-2.97919e-05 -2.84258e-05 -0.000203908 1.37676e-11 4.41678e-12 -3.3145e-12
-0.000134081 -5.67161e-05 -0.000147749 1.2136e-11 3.72661e-12 -5.11244e-12
-0.000228395 -7.85289e-05 -7.57538e-05 9.35668e-12 2.771e-12 -6.03428e-12
-0.000297876 -9.07119e-05 2.51544e-07 5.73186e-12 1.66714e-12 -6.03122e-12
-0.000328907 -9.07922e-05 6.92418e-05 1.72944e-12 5.62301e-13 -5.18863e-12
-0.00031248 -7.76818e-05 0.000122531 -2.07309e-12 -3.82999e-13 -3.69756e-12
-0.000247214 -5.24301e-05 0.000154617 -5.08141e-12 -1.02101e-12 -1.81605e-12
-0.000140838 -1.86214e-05 0.000163399 -6.79526e-12 -1.24762e-12 1.7233e-13
-9.44796e-06 1.79634e-05 0.000149973 -6.91023e-12 -1.02902e-12 1.99734e-12
0.000125385 5.04909e-05 0.000118176 -5.38444e-12 -4.14605e-13 3.43541e-12
0.000240899 7.27106e-05 7.39179e-05 -2.45297e-12 4.70202e-13 4.33491e-12
0.000317679 8.05032e-05 2.43064e-05 1.41283e-12 1.44984e-12 4.63069e-12
0.00034334 7.27987e-05 -2.34166e-05 5.59088e-12 2.33571e-12 4.34574e-12
0.000314578 5.1626e-05 -6.29717e-05 9.41895e-12 2.96394e-12 3.57944e-12
0.000237305 2.14274e-05 -8.99319e-05 1.23067e-11 3.22469e-12 2.48507e-12
0.000125081 -1.19971e-05 -0.000102199 1.38288e-11 3.0787e-12 1.24143e-12
-3.56522e-06 -4.2556e-05 -9.99807e-05 1.37854e-11 2.56084e-12 2.47736e-14
-0.000128238 -6.47794e-05 -8.5359e-05 1.22249e-11 1.77255e-12 -1.01395e-12
-0.000229665 -7.4596e-05 -6.16482e-05 9.43011e-12 8.64799e-13 -1.76414e-12
-0.000292314 -7.00037e-05 -3.27578e-05 5.87297e-12 1.29333e-14 -2.16276e-12
-0.000306581 -5.15612e-05 -2.67413e-06 2.14222e-12 -6.14508e-13 -2.19531e-12
-0.000270474 -2.24858e-05 2.49248e-05 -1.14914e-12 -8.88135e-13 -1.892e-12
-0.000190462 1.18287e-05 4.69705e-05 -3.46685e-12 -7.44192e-13 -1.32042e-12
-8.10135e-05 4.48738e-05 6.12528e-05 -4.45269e-12 -1.98129e-13 -5.75043e-13
3.76171e-05 7.03973e-05 6.65994e-05 -3.99494e-12 6.58526e-13 2.35396e-13
0.00014328 8.36991e-05 6.29496e-05 -2.25138e-12 1.67705e-12 1.00142e-12
0.000216716 8.24978e-05 5.12971e-05 3.85807e-13 2.68096e-12 1.62565e-12
0.000245875 6.7216e-05 3.35082e-05 3.37784e-12 3.4989e-12 2.03341e-12
0.000228387 4.07257e-05 1.20648e-05 6.15704e-12 3.99449e-12 2.18022e-12
0.000171406 7.72116e-06 -1.02076e-05 8.24286e-12 4.08844e-12 2.05601e-12
8.90953e-05 -2.61392e-05 -3.04076e-05 9.32705e-12 3.77036e-12 1.68598e-12
-1.212e-06 -5.51962e-05 -4.58429e-05 9.3123e-12 3.09868e-12 1.12812e-12
-8.28069e-05 -7.47571e-05 -5.43626e-05 8.30463e-12 2.18897e-12 4.66593e-13
-0.000142409 -8.19085e-05 -5.47032e-05 6.57168e-12 1.19224e-12 -1.99084e-13
